   2.4000000e+01   6.9370000e+01   2.6150000e+02   4.4660000e+01
   2.5000000e+01   6.4830000e+01   2.6262000e+02   4.3310000e+01
   2.6000000e+01   1.0780000e+02   2.1125000e+02   2.1950000e+01
   2.8300000e+02  -2.5299000e+02   2.4442000e+02   3.9340000e+01
   2.8400000e+02  -6.2169000e+02   3.1390000e+02   6.3430000e+01
   2.8500000e+02  -4.4602000e+02   2.3255000e+02   3.6790000e+01
   2.8600000e+02  -1.2241500e+03   2.7786000e+02   5.3990000e+01
   3.1500000e+02  -5.7872000e+02   2.3018000e+02   3.7300000e+01
   3.1700000e+02  -3.6719000e+02   2.4463000e+02   4.2720000e+01
   3.1900000e+02  -7.8733000e+02   2.1306000e+02   3.5090000e+01
   3.2700000e+02   1.4147000e+02   1.9731000e+02   2.1050000e+01
   3.2900000e+02   2.8427000e+02   2.1007000e+02   2.2330000e+01
   3.3700000e+02   5.9455000e+02   1.9709000e+02   2.0900000e+01
   3.3800000e+02  -1.7488100e+03   2.6994000e+02   6.0670000e+01
   3.4000000e+02  -4.3284000e+02   2.8964000e+02   5.4670000e+01
   3.4100000e+02  -1.1502700e+03   2.5470000e+02   4.2470000e+01
   3.4300000e+02   5.8101000e+02   2.1066000e+02   2.2030000e+01
   3.9500000e+02  -5.6850000e+01   2.1829000e+02   2.3980000e+01
   3.9600000e+02   1.0432000e+02   2.2145000e+02   2.3570000e+01
   3.9700000e+02  -7.5700000e+00   2.1740000e+02   2.5690000e+01
   4.1600000e+02  -1.3883300e+03   3.0833000e+02   7.0530000e+01
   4.8000000e+02  -6.3893000e+02   2.5727000e+02   3.6750000e+01
   5.0900000e+02   7.4930000e+01   2.9906000e+02   6.0220000e+01
   5.4000000e+02   3.1901000e+02   2.6825000e+02   4.4310000e+01
   5.4100000e+02  -3.6400000e+00   1.9657000e+02   2.2420000e+01
   6.4300000e+02  -1.9619000e+02   2.1256000e+02   2.4770000e+01
   6.4400000e+02  -3.3613000e+02   1.9998000e+02   2.2540000e+01
   6.4900000e+02   1.7813000e+02   2.1908000e+02   2.8130000e+01
   6.5600000e+02  -5.8015000e+02   2.2352000e+02   4.1850000e+01
   6.5800000e+02  -4.1773000e+02   2.5652000e+02   4.4130000e+01
   6.6000000e+02  -7.4149000e+02   2.3264000e+02   3.9570000e+01
   6.6900000e+02   1.9968000e+02   2.2510000e+02   2.5750000e+01
   7.1500000e+02   8.6710000e+01   2.0513000e+02   2.0840000e+01
   7.2000000e+02   2.4900000e+01   2.3981000e+02   2.8500000e+01
   7.2100000e+02   3.3300000e+00   1.8566000e+02   2.0790000e+01
   7.2200000e+02   1.8070000e+02   2.1086000e+02   2.1220000e+01
   7.2300000e+02   2.7123000e+02   2.1721000e+02   2.1540000e+01
   7.2400000e+02   2.0438000e+02   2.9921000e+02   6.0250000e+01
   7.2500000e+02  -1.4602000e+02   2.6094000e+02   4.5180000e+01
   7.2800000e+02   4.8530000e+01   2.6186000e+02   3.6180000e+01
   7.2900000e+02  -9.1110000e+01   2.4782000e+02   3.2730000e+01
   7.3200000e+02   7.6760000e+01   2.1952000e+02   2.9840000e+01
   7.3300000e+02  -1.2844000e+02   2.6454000e+02   3.9910000e+01
   7.3400000e+02  -1.7800000e+00   2.7836000e+02   4.4720000e+01
   7.4800000e+02  -3.4800000e+00   1.9917000e+02   2.0970000e+01
   7.5200000e+02   1.4152000e+02   2.3792000e+02   2.9660000e+01
   7.6300000e+02   3.5300000e+00   2.8212000e+02   5.9680000e+01
   7.6800000e+02  -1.5370000e+01   2.8123000e+02   6.0440000e+01
   7.7200000e+02  -2.2278300e+03   3.3121000e+02   1.0009000e+02
   7.7400000e+02  -9.5253000e+02   2.7532000e+02   5.2530000e+01
   7.7500000e+02  -5.7713000e+02   3.3612000e+02   7.7340000e+01
   7.7600000e+02  -1.2648900e+03   2.8793000e+02   6.2820000e+01
   8.2100000e+02   1.0468000e+02   2.2364000e+02   2.3980000e+01
   8.2200000e+02  -1.0639000e+02   2.1142000e+02   2.1500000e+01
   8.2400000e+02  -1.8592000e+02   2.2961000e+02   2.7330000e+01
   8.2500000e+02  -2.8005000e+02   2.1692000e+02   2.5380000e+01
   8.2900000e+02  -7.5130000e+01   2.5549000e+02   4.4120000e+01
   8.3300000e+02  -6.1063000e+02   2.6530000e+02   5.6100000e+01
   8.3500000e+02  -2.9769000e+02   2.4829000e+02   3.1570000e+01
   8.3600000e+02  -2.8792000e+02   2.5962000e+02   3.8050000e+01
   8.3700000e+02  -3.9558000e+02   2.5706000e+02   4.2840000e+01
   8.3800000e+02  -1.2114100e+03   3.2501000e+02   9.5400000e+01
   8.3900000e+02  -2.1690000e+02   2.1898000e+02   2.5110000e+01
   8.4000000e+02  -7.5386000e+02   3.0588000e+02   7.0890000e+01
   8.4700000e+02  -4.3830000e+01   3.1444000e+02   7.5890000e+01
   8.4800000e+02  -1.6248500e+03   2.8448000e+02   6.6270000e+01
   8.5900000e+02   2.5718000e+02   2.7338000e+02   3.9140000e+01
   8.6000000e+02   1.4951000e+02   2.5866000e+02   3.5180000e+01
   8.6100000e+02  -7.1600000e+00   2.6062000e+02   3.6160000e+01
   8.6200000e+02  -2.0943000e+02   3.1031000e+02   5.8920000e+01
   8.8300000e+02  -9.2405000e+02   3.3260000e+02   7.8910000e+01
   8.9000000e+02  -1.8648000e+02   2.8653000e+02   5.9100000e+01
   9.3400000e+02  -1.1831000e+02   2.0050000e+02   2.1260000e+01
   9.7000000e+02  -2.8470000e+01   2.8285000e+02   4.3220000e+01
   1.0180000e+03   2.1770000e+01   2.7314000e+02   5.0930000e+01
   1.0190000e+03   1.6010000e+01   2.4692000e+02   3.4400000e+01
   1.2800000e+03  -7.5312000e+02   2.8713000e+02   6.0780000e+01
   1.3580000e+03  -1.1829700e+03   3.4828000e+02   8.7700000e+01
   1.3590000e+03  -1.9617700e+03   2.9625000e+02   7.3560000e+01
   1.3610000e+03  -1.7696500e+03   3.3076000e+02   7.7140000e+01
   1.3620000e+03  -1.5751500e+03   3.4386000e+02   8.0690000e+01
   1.4200000e+03  -2.7690000e+02   2.0946000e+02   2.3620000e+01
   1.4280000e+03  -1.5204000e+02   2.8246000e+02   5.7430000e+01
   1.4440000e+03   6.0230000e+01   1.9963000e+02   2.3260000e+01
   1.4480000e+03  -5.7958000e+02   2.8264000e+02   5.1350000e+01
   1.4500000e+03  -3.6130000e+01   2.1795000e+02   2.1520000e+01
   1.4520000e+03   1.8000000e-01   2.2196000e+02   2.1890000e+01
   1.4530000e+03  -5.6410000e+01   2.6736000e+02   3.5970000e+01
   1.4890000e+03  -3.3482000e+02   2.9123000e+02   6.7390000e+01
   1.4960000e+03  -1.0041500e+03   3.0076000e+02   6.8470000e+01
   1.5010000e+03  -3.1806000e+02   2.9102000e+02   5.7320000e+01
   2.2480000e+03   4.8230000e+01   3.0101000e+02   5.9120000e+01
   2.3480000e+03  -3.1229000e+02   2.9688000e+02   5.9380000e+01
   2.3510000e+03  -4.5018000e+02   2.9452000e+02   6.3860000e+01
   2.9090000e+03  -6.9690000e+02   3.5364000e+02   8.3000000e+01
   3.0760000e+03   2.1532000e+02   1.9134000e+02   2.7440000e+01
   3.0810000e+03   1.4216000e+02   2.1215000e+02   2.3520000e+01
   3.0820000e+03   1.2147000e+02   2.2260000e+02   2.4280000e+01
   3.0950000e+03  -3.6022000e+02   3.1468000e+02   7.0510000e+01
   3.0970000e+03  -4.2420000e+01   3.2298000e+02   6.5040000e+01
   3.0980000e+03  -1.8575000e+02   2.8860000e+02   4.3440000e+01
   3.1010000e+03  -6.4500000e+00   3.1288000e+02   6.8720000e+01
   3.1170000e+03   1.0780000e+02   2.1125000e+02   2.1950000e+01
   3.1320000e+03  -1.0639000e+02   2.1142000e+02   2.1500000e+01
   3.1410000e+03   1.9050000e+02   2.1804000e+02   2.8790000e+01
   3.1420000e+03   9.5275000e+02   2.1397000e+02   2.9250000e+01
   3.3990000e+03   6.7439000e+02   1.3304000e+02   1.2470000e+01
   3.4000000e+03   2.3000000e+03   1.4837000e+02   1.2470000e+01
   3.4020000e+03   6.0207000e+02   1.4784000e+02   1.2470000e+01
   3.4030000e+03   5.4092300e+03   1.4984000e+02   1.2470000e+01
   3.1600000e+02  -5.0014000e+02   2.6276000e+02   5.0460000e+01
   3.1800000e+02  -7.0591000e+02   2.5068000e+02   4.6920000e+01
   3.3500000e+02   4.3103000e+02   1.7180000e+02   2.0800000e+01
   4.5400000e+02  -2.6996000e+02   2.7384000e+02   4.1530000e+01
   4.6000000e+02  -1.8523000e+02   2.9123000e+02   4.8040000e+01
   4.7200000e+02  -6.9850000e+01   2.5268000e+02   3.4830000e+01
   4.7400000e+02  -7.4732000e+02   2.4454000e+02   3.4300000e+01
   4.7800000e+02  -5.7830000e+02   2.6594000e+02   4.0780000e+01
   5.8600000e+02   2.9170000e+02   2.3906000e+02   3.5710000e+01
   5.8900000e+02  -9.7130000e+01   1.8658000e+02   2.0790000e+01
   5.9900000e+02  -9.5547000e+02   3.1013000e+02   6.7970000e+01
   6.0300000e+02   3.6870000e+01   1.7816000e+02   2.0790000e+01
   6.0400000e+02  -1.3359000e+02   1.7245000e+02   2.0790000e+01
   6.0600000e+02  -8.1420000e+01   2.3685000e+02   2.9150000e+01
   6.0700000e+02  -9.3260000e+01   2.2644000e+02   2.7180000e+01
   6.0900000e+02   3.6105000e+02   1.8104000e+02   2.0790000e+01
   6.4500000e+02   1.4066000e+02   1.7064000e+02   2.1210000e+01
   6.4600000e+02  -2.3728000e+02   2.0897000e+02   3.5240000e+01
   6.5700000e+02  -4.9100000e+02   2.7079000e+02   5.7680000e+01
   7.1400000e+02  -1.4757000e+02   2.6610000e+02   4.4720000e+01
   7.3000000e+02   1.0284000e+02   2.2056000e+02   2.5360000e+01
   7.3100000e+02  -8.4560000e+01   2.4813000e+02   3.6740000e+01
   7.6400000e+02   5.2800000e+00   3.0064000e+02   6.8150000e+01
   7.7700000e+02  -4.5539000e+02   2.6237000e+02   4.1790000e+01
   8.2600000e+02   1.4056000e+02   1.8798000e+02   2.1700000e+01
   8.2700000e+02  -1.8023000e+02   2.3641000e+02   4.0740000e+01
   1.4640000e+03   1.4030000e+02   1.9206000e+02   2.0790000e+01
   1.4990000e+03  -3.5660000e+01   2.5687000e+02   3.7100000e+01
   1.5130000e+03  -9.7890000e+01   2.3556000e+02   2.7330000e+01
   1.6730000e+03  -5.1720000e+01   2.4379000e+02   2.9820000e+01
   3.0380000e+03  -3.0970000e+01   2.4160000e+02   2.7870000e+01
   3.0660000e+03   3.4501000e+02   1.7652000e+02   2.0830000e+01
   3.2000000e+02   1.7130000e+02   1.6906000e+02   2.7170000e+01
   3.2100000e+02  -6.2125000e+02   2.6388000e+02   5.8810000e+01
   4.0200000e+02  -9.2370000e+01   2.4012000e+02   3.2260000e+01
   4.1200000e+02  -8.1070000e+01   2.5634000e+02   3.6180000e+01
   4.6100000e+02  -3.3506000e+02   2.9329000e+02   5.4530000e+01
   4.7900000e+02  -7.8478000e+02   2.6843000e+02   4.6400000e+01
   4.8300000e+02  -1.3015500e+03   3.1281000e+02   8.0160000e+01
   4.8400000e+02  -7.2687000e+02   3.0339000e+02   7.5550000e+01
   4.8500000e+02  -8.4088000e+02   3.0128000e+02   7.0250000e+01
   5.3900000e+02  -3.0280000e+01   2.2976000e+02   2.8290000e+01
   5.5100000e+02  -2.5834000e+02   2.4392000e+02   3.2820000e+01
   5.9500000e+02  -4.7300000e+00   1.2452000e+02   2.0790000e+01
   5.9600000e+02  -1.4097000e+02   2.2794000e+02   3.4410000e+01
   6.0000000e+02  -2.5830000e+01   2.0561000e+02   2.5770000e+01
   9.1400000e+02  -2.4354000e+02   1.8869000e+02   2.5130000e+01
   1.4970000e+03  -5.5700000e+00   2.6797000e+02   4.8450000e+01
   2.2440000e+03  -1.1121000e+02   2.4067000e+02   3.4320000e+01
   3.0700000e+03   1.8848000e+02   2.0045000e+02   2.5220000e+01
   3.0710000e+03   2.6089000e+02   2.1310000e+02   2.6500000e+01
   3.0740000e+03   8.6300000e+00   2.1275000e+02   2.6190000e+01
   3.0750000e+03   1.3065000e+02   2.1826000e+02   2.6040000e+01
   3.1080000e+03   2.0155000e+02   2.2377000e+02   2.6360000e+01
   3.1110000e+03   4.5091000e+02   2.7010000e+02   4.9300000e+01
   3.2420000e+03   2.2306000e+02   2.2400000e+02   2.6560000e+01
   2.8700000e+02  -9.9247000e+02   3.1664000e+02   8.7940000e+01
   3.3400000e+02   9.3110000e+01   1.8823000e+02   2.7660000e+01
   3.3600000e+02  -9.9537000e+02   2.8241000e+02   6.5210000e+01
   4.1300000e+02  -1.5282000e+02   2.5096000e+02   4.3040000e+01
   4.8600000e+02  -4.8094000e+02   2.7489000e+02   5.5890000e+01
   5.5200000e+02  -3.6805000e+02   2.3840000e+02   3.8940000e+01
   6.0100000e+02   6.0064000e+02   1.9347000e+02   2.8150000e+01
   6.0500000e+02  -4.6730000e+01   2.3447000e+02   3.4990000e+01
   7.6900000e+02   1.6300000e+00   2.1003000e+02   2.8500000e+01
   1.0590000e+03  -4.3850000e+01   1.9235000e+02   2.6550000e+01
   3.0720000e+03   1.8991000e+02   2.2590000e+02   3.1710000e+01
   3.1090000e+03   9.5939000e+02   2.2709000e+02   2.8310000e+01
   3.1100000e+03   2.2634000e+02   2.3721000e+02   3.5120000e+01
   2.9100000e+02   6.3211000e+02   1.9738000e+02   2.6200000e+01
   5.8500000e+02   9.9720000e+01   2.3608000e+02   3.7470000e+01
   7.7000000e+02   7.4654000e+02   2.1478000e+02   3.1800000e+01
   8.2000000e+02  -2.9407000e+02   2.5709000e+02   4.9090000e+01
   1.5120000e+03  -6.1549000e+02   3.0988000e+02   7.8050000e+01
   2.2410000e+03  -4.1340000e+01   2.7290000e+02   5.5020000e+01
   3.0730000e+03   2.1200000e+01   2.0438000e+02   3.4200000e+01
   3.1120000e+03   2.6583000e+02   2.7428000e+02   6.1850000e+01
   1.4930000e+03  -3.1927000e+02   3.1078000e+02   7.8310000e+01
   1.5090000e+03   2.1430000e+01   2.7980000e+02   6.2350000e+01
   3.1130000e+03   2.1883000e+02   2.9164000e+02   6.7600000e+01
   1.0460000e+03   2.5710000e+01   2.4354000e+02   4.7680000e+01
   2.2360000e+03  -3.6940000e+02   3.3593000e+02   7.8200000e+01
   5.1300000e+02  -8.1020000e+01   3.3010000e+02   8.5820000e+01
   1.0170000e+03   4.9280000e+01   2.9391000e+02   9.4000000e+01
   1.0470000e+03   7.9740000e+01   3.0576000e+02   1.1075000e+02
   2.7000000e+01   2.4435000e+02   2.0730000e+02   2.1420000e+01
   3.8700000e+02  -2.3582000e+02   2.4669000e+02   3.6940000e+01
   3.8800000e+02  -4.0097000e+02   2.0787000e+02   2.8770000e+01
   3.9000000e+02   2.7715000e+02   2.1038000e+02   2.1410000e+01
   3.9100000e+02  -1.1256000e+02   1.9747000e+02   2.0810000e+01
   3.9200000e+02  -1.2630000e+02   3.1072000e+02   7.6120000e+01
   3.9300000e+02  -9.4884000e+02   2.6182000e+02   5.3270000e+01
   3.9400000e+02  -6.1733000e+02   2.5895000e+02   3.9070000e+01
   4.1500000e+02  -7.2832000e+02   2.8594000e+02   5.9160000e+01
   4.2700000e+02   1.2924000e+02   2.3529000e+02   3.6280000e+01
   4.2800000e+02   5.2200000e+00   2.2372000e+02   3.2820000e+01
   4.5500000e+02  -5.1686000e+02   3.0175000e+02   6.4980000e+01
   4.7600000e+02  -1.9880000e+02   2.4083000e+02   3.0570000e+01
   5.5300000e+02  -3.1558000e+02   3.1046000e+02   7.0640000e+01
   9.6700000e+02   1.0125000e+02   2.3775000e+02   3.7120000e+01
   1.1210000e+03  -1.5219000e+02   2.3144000e+02   3.3090000e+01
   1.3990000e+03   2.9200000e+01   2.9459000e+02   5.3770000e+01
   1.5030000e+03  -6.8816000e+02   3.3649000e+02   8.0330000e+01
   2.0660000e+03   1.1237200e+03   1.9978000e+02   2.0890000e+01
   3.0780000e+03   4.4584000e+02   2.0239000e+02   2.0820000e+01
   3.0990000e+03  -4.7759000e+02   2.6475000e+02   4.1600000e+01
   3.1030000e+03  -2.3493000e+02   2.8965000e+02   4.9860000e+01
   3.1160000e+03   1.2288000e+02   2.2638000e+02   3.1080000e+01
   3.1370000e+03   5.5630000e+01   2.3628000e+02   3.5970000e+01
   3.1380000e+03   1.8693000e+02   2.4801000e+02   3.9340000e+01
   3.1400000e+03  -5.9790000e+01   2.3284000e+02   3.5130000e+01
   4.0400000e+02  -4.9729000e+02   2.8152000e+02   4.8150000e+01
   4.5600000e+02  -3.0162000e+02   2.9364000e+02   5.3170000e+01
   5.5700000e+02  -3.9013000e+02   2.4666000e+02   3.1940000e+01
   5.5800000e+02   1.6477000e+02   2.3555000e+02   4.5440000e+01
   5.5900000e+02   2.2852000e+02   2.4828000e+02   4.1250000e+01
   5.8800000e+02  -7.3793000e+02   2.6640000e+02   4.5170000e+01
   5.9000000e+02   1.3258000e+02   2.0101000e+02   2.6460000e+01
   5.9300000e+02   1.9226000e+02   2.0499000e+02   3.1640000e+01
   6.2900000e+02  -1.2171000e+02   2.3844000e+02   3.6970000e+01
   6.7700000e+02   5.9593000e+02   1.7708000e+02   2.0790000e+01
   6.7800000e+02   1.6164600e+03   1.7148000e+02   2.0790000e+01
   6.8000000e+02   2.1848000e+02   2.1432000e+02   2.7880000e+01
   1.1400000e+03  -3.6935000e+02   2.6696000e+02   4.4020000e+01
   1.4980000e+03   1.2384000e+02   2.5043000e+02   4.2290000e+01
   1.5150000e+03  -4.2693000e+02   2.7908000e+02   4.9680000e+01
   1.5170000e+03  -6.2290000e+02   2.6664000e+02   4.4250000e+01
   3.0790000e+03   4.0290000e+01   2.2426000e+02   2.6140000e+01
   3.1210000e+03   1.4522000e+02   2.2323000e+02   2.6170000e+01
   1.1800000e+02   3.1848000e+02   2.6780000e+02   4.5780000e+01
   4.0700000e+02  -2.7425000e+02   2.6464000e+02   3.8940000e+01
   4.2500000e+02   1.3781000e+02   2.4769000e+02   4.3070000e+01
   4.4700000e+02   2.6912000e+02   2.4771000e+02   4.3480000e+01
   4.5700000e+02  -1.0599000e+02   2.7049000e+02   4.2980000e+01
   4.7500000e+02  -4.6048000e+02   2.4671000e+02   3.4540000e+01
   4.8200000e+02  -5.7825000e+02   2.7516000e+02   5.4390000e+01
   5.5600000e+02  -3.8484000e+02   2.4812000e+02   3.5950000e+01
   8.5800000e+02   1.1247000e+02   2.3066000e+02   2.9440000e+01
   3.0670000e+03   3.9593000e+02   1.9519000e+02   2.6280000e+01
   3.3300000e+02  -1.1697000e+02   2.4929000e+02   5.0590000e+01
   4.6200000e+02   8.9630000e+01   2.2695000e+02   2.9230000e+01
   5.5500000e+02  -1.9258000e+02   2.5778000e+02   4.5140000e+01
   6.8500000e+02   2.9625000e+02   2.8187000e+02   5.4480000e+01
   6.9100000e+02  -6.4836000e+02   3.0004000e+02   6.8900000e+01
   7.0600000e+02  -9.3771000e+02   3.3002000e+02   8.6310000e+01
   7.2600000e+02  -8.4020000e+01   2.9182000e+02   5.2470000e+01
   8.9900000e+02  -1.2907100e+03   3.2619000e+02   8.4360000e+01
   1.1620000e+03  -1.0067200e+03   3.1502000e+02   7.9680000e+01
   1.4660000e+03  -5.9895000e+02   3.5043000e+02   9.6240000e+01
   1.5040000e+03  -7.0760000e+01   2.8673000e+02   5.8330000e+01
   1.5050000e+03  -1.3832000e+02   2.9923000e+02   6.5860000e+01
   1.5060000e+03   1.6640000e+01   2.5289000e+02   4.3920000e+01
   1.5110000e+03  -1.0593000e+02   2.7951000e+02   5.7580000e+01
   1.5140000e+03  -4.4040000e+02   2.7962000e+02   5.9640000e+01
   2.2450000e+03   1.2591000e+02   2.7351000e+02   5.6650000e+01
   2.6620000e+03  -3.8585000e+02   3.2137000e+02   8.0620000e+01
   3.0690000e+03   1.4884000e+02   1.9335000e+02   2.7000000e+01
   3.0850000e+03  -1.7290000e+01   2.3999000e+02   3.8120000e+01
   3.0890000e+03   1.1973000e+02   2.5026000e+02   3.6470000e+01
   3.1050000e+03   1.5530000e+02   2.6188000e+02   4.6330000e+01
   3.1060000e+03  -9.7680000e+01   2.6094000e+02   4.4750000e+01
   6.7500000e+02  -3.8879000e+02   2.6424000e+02   4.9940000e+01
   6.9500000e+02  -1.3607000e+02   2.7187000e+02   5.2930000e+01
   2.6720000e+03  -4.1075000e+02   3.2996000e+02   8.1660000e+01
   2.9440000e+03   1.5010000e+01   2.9193000e+02   7.0070000e+01
   5.5000000e+02  -4.3604000e+02   2.8652000e+02   6.4620000e+01
   5.7500000e+02   2.7100000e+01   2.8000000e+02   6.7500000e+01
   7.0100000e+02  -2.2910000e+01   2.5778000e+02   4.8110000e+01
   1.5070000e+03  -3.8780000e+01   2.6439000e+02   5.2630000e+01
   2.6700000e+03  -2.2006000e+02   2.9810000e+02   6.8370000e+01
   7.0400000e+02  -3.4180000e+01   2.5509000e+02   5.7130000e+01
   7.0500000e+02  -2.6177000e+02   2.9840000e+02   6.7320000e+01
   1.4680000e+03  -2.9370000e+01   2.7950000e+02   7.0370000e+01
   1.5000000e+01  -3.7672000e+02   3.2636000e+02   7.8580000e+01
   8.9300000e+02  -5.0997000e+02   2.9815000e+02   6.9870000e+01
   1.0360000e+03   7.3080000e+01   3.4240000e+02   8.5770000e+01
   1.0410000e+03   3.1221000e+02   2.3320000e+02   4.6720000e+01
   1.1270000e+03  -5.0340000e+01   3.4142000e+02   8.6750000e+01
   1.5000000e+03   3.6005000e+02   2.9916000e+02   6.4890000e+01
   2.3530000e+03   1.1628000e+02   2.7585000e+02   5.3270000e+01
   2.5850000e+03  -2.0571000e+02   4.0585000e+02   1.2898000e+02
   2.5960000e+03  -1.3717200e+03   3.4892000e+02   9.7410000e+01
   2.9060000e+03  -5.7030000e+02   3.8795000e+02   1.1858000e+02
   2.9070000e+03  -5.8396000e+02   3.8701000e+02   1.1815000e+02
   2.9260000e+03  -6.9046000e+02   3.1098000e+02   7.1640000e+01
   3.1140000e+03   8.2528000e+02   1.8467000e+02   2.0870000e+01
   3.1290000e+03  -4.4973000e+02   3.0207000e+02   7.0430000e+01
   3.9900000e+02   2.2564000e+02   2.4048000e+02   4.4930000e+01
   5.4200000e+02   1.0364000e+02   2.2891000e+02   4.2050000e+01
   8.9200000e+02  -1.0466200e+03   3.3967000e+02   8.7600000e+01
   8.9400000e+02  -5.1014000e+02   2.9225000e+02   6.0320000e+01
   2.3540000e+03   3.6103000e+02   2.8831000e+02   6.3730000e+01
   2.4200000e+03  -3.6574000e+02   3.0286000e+02   6.3310000e+01
   2.4220000e+03  -1.3438600e+03   3.6331000e+02   9.7140000e+01
   2.8170000e+03  -1.1374500e+03   3.3507000e+02   8.6010000e+01
   3.0830000e+03   5.7243000e+02   2.1510000e+02   3.4540000e+01
   3.1240000e+03  -4.7170000e+01   2.3889000e+02   4.0180000e+01
   4.0000000e+00  -9.2742000e+02   3.1718000e+02   7.6140000e+01
   1.8000000e+01  -8.7200000e+00   2.8788000e+02   5.8610000e+01
   2.2000000e+01  -3.5749000e+02   2.6490000e+02   5.0170000e+01
   4.2000000e+01   1.8878000e+02   2.7841000e+02   5.3050000e+01
   3.9800000e+02  -2.5795000e+02   3.2370000e+02   7.1470000e+01
   4.1800000e+02  -1.0330000e+01   2.8954000e+02   5.6310000e+01
   4.1900000e+02  -3.1613000e+02   2.7421000e+02   4.9380000e+01
   5.7400000e+02  -2.2054000e+02   2.7107000e+02   5.0860000e+01
   6.4000000e+02  -4.9190000e+01   2.4112000e+02   4.2660000e+01
   8.6700000e+02  -7.4600000e+00   2.9048000e+02   5.8070000e+01
   1.1290000e+03  -4.5775000e+02   3.4464000e+02   8.4890000e+01
   1.6700000e+03   2.4528000e+02   2.8016000e+02   5.4940000e+01
   2.9080000e+03  -1.8412000e+02   3.5837000e+02   9.5450000e+01
   2.9250000e+03  -9.0155000e+02   3.2043000e+02   7.5250000e+01
   2.9790000e+03  -8.6827000e+02   3.4621000e+02   9.5320000e+01
   2.9800000e+03  -7.7162000e+02   3.2687000e+02   7.9710000e+01
   3.1220000e+03   2.6149000e+02   2.5359000e+02   4.3770000e+01
   3.1230000e+03   2.5327000e+02   2.4783000e+02   4.3100000e+01
   9.0000000e+00  -7.6623000e+02   2.9576000e+02   6.8910000e+01
   1.3000000e+01  -1.6846000e+02   3.3475000e+02   7.8050000e+01
   9.7000000e+01  -5.5335000e+02   3.0757000e+02   7.4300000e+01
   1.1500000e+02   1.8965000e+02   2.6980000e+02   4.9940000e+01
   2.7300000e+02  -5.1343000e+02   2.9033000e+02   5.5160000e+01
   4.0600000e+02   1.8600000e+01   2.6363000e+02   4.4890000e+01
   5.4700000e+02  -1.4452000e+02   2.5228000e+02   4.1400000e+01
   6.8800000e+02  -7.1205000e+02   3.0752000e+02   6.7020000e+01
   6.8900000e+02   1.2000000e-01   2.8194000e+02   5.5600000e+01
   6.9600000e+02  -1.1076000e+02   2.9002000e+02   5.4970000e+01
   1.1040000e+03  -9.0541000e+02   3.2039000e+02   8.3220000e+01
   1.1280000e+03  -3.2103000e+02   3.5272000e+02   9.8700000e+01
   1.4040000e+03   2.5040000e+01   2.9496000e+02   6.4370000e+01
   1.4090000e+03  -4.4638000e+02   2.8171000e+02   5.5340000e+01
   1.4100000e+03  -2.4877000e+02   2.9435000e+02   6.0640000e+01
   1.4900000e+03   1.7639000e+02   2.4608000e+02   4.4210000e+01
   1.5020000e+03   1.3464000e+02   2.9776000e+02   6.4090000e+01
   1.5080000e+03  -6.7737000e+02   3.0276000e+02   6.4740000e+01
   1.6900000e+03  -1.8438000e+02   2.9838000e+02   5.7630000e+01
   1.7050000e+03   2.4263000e+02   2.6986000e+02   5.0040000e+01
   2.2240000e+03   1.6934000e+02   2.6378000e+02   4.5900000e+01
   2.5600000e+03  -3.5355000e+02   3.1870000e+02   7.9310000e+01
   2.6690000e+03  -4.1424000e+02   3.1616000e+02   7.1590000e+01
   3.0270000e+03  -4.7497000e+02   3.8011000e+02   1.0734000e+02
   3.0840000e+03   2.9990000e+02   2.3360000e+02   3.4900000e+01
   3.1260000e+03  -1.6150000e+02   2.5249000e+02   4.3840000e+01
   3.1270000e+03   1.2520000e+01   2.5874000e+02   4.4270000e+01
   1.7000000e+01  -1.4718000e+02   3.0388000e+02   6.6740000e+01
   2.1000000e+01  -5.1261000e+02   2.8127000e+02   5.8070000e+01
   5.0000000e+01  -1.4477000e+02   3.0167000e+02   6.3650000e+01
   5.4000000e+01  -4.5429000e+02   2.8679000e+02   5.6040000e+01
   9.8000000e+01  -3.2178000e+02   2.9294000e+02   6.2650000e+01
   2.7100000e+02  -1.6803000e+02   2.6214000e+02   4.6920000e+01
   5.3100000e+02  -5.6660000e+01   2.4249000e+02   3.8670000e+01
   5.7300000e+02  -3.1015000e+02   2.9636000e+02   6.2450000e+01
   6.9400000e+02  -3.6789000e+02   2.8539000e+02   5.7030000e+01
   1.1100000e+03  -4.4247000e+02   3.1991000e+02   8.1970000e+01
   1.3940000e+03   6.7940000e+01   2.7270000e+02   4.9610000e+01
   1.4910000e+03   2.2944000e+02   2.7694000e+02   6.3020000e+01
   2.4210000e+03  -6.5828000e+02   3.0956000e+02   7.0560000e+01
   2.9430000e+03   7.4670000e+01   2.5509000e+02   4.4460000e+01
   1.5700000e+02  -2.6637000e+02   3.0496000e+02   6.8020000e+01
   4.0500000e+02  -1.1638000e+02   2.7504000e+02   5.2520000e+01
   5.1800000e+02   4.4780000e+01   2.6185000e+02   4.9530000e+01
   5.2900000e+02   1.2972000e+02   2.4972000e+02   4.1880000e+01
   5.4600000e+02  -2.7632000e+02   2.6363000e+02   4.8780000e+01
   5.7200000e+02  -3.9687000e+02   3.0625000e+02   7.4880000e+01
   7.1700000e+02  -1.1338000e+02   3.1917000e+02   7.2860000e+01
   7.1800000e+02  -1.0450000e+02   3.1878000e+02   7.8630000e+01
   7.3800000e+02  -1.8702000e+02   2.9132000e+02   6.3100000e+01
   1.3930000e+03   8.0560000e+01   2.6019000e+02   4.8860000e+01
   2.3520000e+03  -1.4004000e+02   3.1230000e+02   7.7040000e+01
   2.5230000e+03  -4.1270000e+02   3.5358000e+02   1.0138000e+02
   3.0860000e+03  -1.8228000e+02   2.6153000e+02   4.9650000e+01
   3.0870000e+03  -1.4460000e+01   2.8419000e+02   5.5970000e+01
   3.0900000e+03   1.2475000e+02   2.5634000e+02   4.6470000e+01
   3.1280000e+03   9.6470000e+01   2.8337000e+02   5.6380000e+01
   5.8000000e+01  -2.1530000e+01   3.1831000e+02   8.3470000e+01
   5.0100000e+02  -3.1310000e+01   3.2856000e+02   8.5850000e+01
   5.0600000e+02  -4.1150000e+01   2.8374000e+02   6.3830000e+01
   5.0700000e+02  -3.7529000e+02   3.2243000e+02   9.0850000e+01
   5.0800000e+02  -1.5278000e+02   3.0864000e+02   8.0250000e+01
   5.1600000e+02  -8.2710000e+01   2.2768000e+02   4.2220000e+01
   5.1700000e+02  -5.0610000e+01   2.8473000e+02   6.2730000e+01
   5.1900000e+02  -2.3712000e+02   2.6963000e+02   5.6490000e+01
   5.2800000e+02  -3.8579000e+02   3.0043000e+02   7.2100000e+01
   9.1300000e+02   8.6980000e+01   2.8590000e+02   6.7880000e+01
   1.0060000e+03  -1.8991000e+02   2.6419000e+02   5.4310000e+01
   1.2500000e+03  -4.8322000e+02   3.6779000e+02   1.0647000e+02
   2.4600000e+03  -4.8568000e+02   3.6530000e+02   1.0970000e+02
   2.6600000e+03  -1.9874000e+02   3.2371000e+02   7.8440000e+01
   1.4800000e+02  -1.9870000e+02   2.9938000e+02   7.5020000e+01
   4.9700000e+02  -1.5790000e+01   2.7134000e+02   5.8140000e+01
   4.9900000e+02  -4.3130000e+01   2.9263000e+02   6.9780000e+01
   5.2200000e+02  -4.7270000e+01   2.7155000e+02   5.9580000e+01
   2.2200000e+03  -5.7780000e+01   2.9298000e+02   7.1300000e+01
   2.2230000e+03  -3.8540000e+01   2.9057000e+02   6.8090000e+01
   2.2460000e+03  -2.5720000e+02   3.3204000e+02   8.5730000e+01
   2.4580000e+03  -2.8860000e+02   3.3515000e+02   9.5290000e+01
   1.1790000e+03  -1.1190000e+01   2.9460000e+02   7.8260000e+01
   2.4370000e+03  -9.2390000e+01   3.0245000e+02   8.2170000e+01
   4.2600000e+02   3.7984000e+02   2.4842000e+02   5.3890000e+01
   1.9900000e+02   1.3369000e+02   2.7432000e+02   5.4350000e+01
   2.0800000e+02  -1.5466000e+02   2.8446000e+02   6.2330000e+01
   2.5970000e+03  -1.4358300e+03   3.8032000e+02   1.1702000e+02
   3.1180000e+03   5.6042000e+02   2.5194000e+02   4.3620000e+01
   1.6000000e+01  -2.3290000e+02   3.4674000e+02   9.2750000e+01
   7.4000000e+01  -1.8260000e+01   2.6989000e+02   5.0550000e+01
   2.0700000e+02  -6.3843000e+02   3.1717000e+02   8.1260000e+01
   2.2100000e+02   1.7968000e+02   2.9088000e+02   6.1730000e+01
   2.2700000e+02   2.2090000e+01   2.7943000e+02   5.7680000e+01
   6.3900000e+02   7.8830000e+01   2.7049000e+02   5.1500000e+01
   1.4110000e+03  -1.1370000e+01   3.0632000e+02   7.1070000e+01
   1.7040000e+03   1.4587000e+02   2.8167000e+02   5.8520000e+01
   2.2330000e+03  -6.3370000e+01   2.8313000e+02   6.0270000e+01
   3.1190000e+03   3.5547000e+02   2.5975000e+02   5.3830000e+01
   2.3000000e+01  -3.8355000e+02   3.0595000e+02   7.2960000e+01
   1.9400000e+02  -2.8922000e+02   2.8477000e+02   6.0640000e+01
   2.4600000e+02  -1.8928000e+02   2.8899000e+02   6.3300000e+01
   4.4000000e+02   1.9060000e+01   2.7118000e+02   5.6630000e+01
   4.4100000e+02   2.8942000e+02   2.4270000e+02   4.3050000e+01
   5.2600000e+02  -5.2390000e+02   2.9558000e+02   6.9060000e+01
   6.0800000e+02   1.3158000e+02   2.7264000e+02   5.5970000e+01
   7.9200000e+02  -6.5590000e+01   2.7820000e+02   5.7540000e+01
   8.0000000e+02   1.9096000e+02   2.4718000e+02   5.1440000e+01
   9.1200000e+02  -2.6637000e+02   3.0330000e+02   7.0250000e+01
   1.1220000e+03  -8.0975000e+02   3.5933000e+02   1.0029000e+02
   1.2120000e+03   5.7940000e+01   2.8854000e+02   6.6330000e+01
   1.4010000e+03  -3.7120000e+01   3.2995000e+02   7.8110000e+01
   1.4080000e+03   1.1124000e+02   2.8602000e+02   6.5040000e+01
   1.4130000e+03   5.8060000e+01   3.0898000e+02   6.8550000e+01
   1.6690000e+03   2.2020000e+02   3.1966000e+02   8.1830000e+01
   3.6000000e+01  -2.0723000e+02   3.6281000e+02   9.7650000e+01
   1.5900000e+02  -2.3210000e+01   2.9432000e+02   6.7930000e+01
   2.2300000e+02  -1.7358000e+02   2.8777000e+02   6.2730000e+01
   2.2400000e+02  -1.7152000e+02   2.8581000e+02   6.3880000e+01
   2.2500000e+02  -1.9098000e+02   2.8347000e+02   6.4300000e+01
   2.2600000e+02  -1.5997000e+02   2.8649000e+02   6.1140000e+01
   2.3300000e+02  -9.1340000e+01   3.1220000e+02   7.7700000e+01
   5.2500000e+02  -3.6380000e+01   3.1409000e+02   7.6190000e+01
   8.7000000e+02  -1.4230000e+01   2.9995000e+02   6.6600000e+01
   1.1050000e+03  -1.2224000e+02   3.1156000e+02   7.2740000e+01
   1.1060000e+03  -1.1983000e+02   3.1052000e+02   7.2320000e+01
   1.1180000e+03   2.3924000e+02   2.8758000e+02   6.8830000e+01
   2.3550000e+03  -1.2954000e+02   3.1308000e+02   8.0540000e+01
   2.6680000e+03  -4.2754000e+02   3.5634000e+02   9.1750000e+01
   3.1200000e+03   1.7132000e+02   2.6335000e+02   5.3350000e+01
   5.1000000e+01  -4.9847000e+02   3.1464000e+02   7.9510000e+01
   5.2000000e+01  -1.8133000e+02   3.3419000e+02   8.7190000e+01
   6.2000000e+01  -4.8636000e+02   2.8868000e+02   7.3810000e+01
   6.3000000e+01  -2.4076000e+02   3.0631000e+02   7.8780000e+01
   6.7000000e+01  -1.6397000e+02   3.4067000e+02   8.3870000e+01
   7.2000000e+01  -3.0778000e+02   2.9081000e+02   6.3860000e+01
   5.0000000e+02  -5.8538000e+02   3.4330000e+02   9.2940000e+01
   5.3300000e+02  -4.0030000e+02   3.1691000e+02   7.7590000e+01
   6.8100000e+02  -4.1872000e+02   3.2828000e+02   8.1670000e+01
   6.9900000e+02  -9.7440000e+01   2.7962000e+02   6.1970000e+01
   7.4700000e+02  -8.1900000e+01   2.7733000e+02   5.3820000e+01
   7.8800000e+02  -1.8922000e+02   2.9272000e+02   6.6490000e+01
   7.9100000e+02  -4.5765000e+02   3.1701000e+02   8.0010000e+01
   7.9300000e+02   2.4390000e+01   2.6460000e+02   5.4380000e+01
   8.5700000e+02  -2.7012000e+02   3.2417000e+02   8.9640000e+01
   1.1030000e+03   2.2010000e+01   3.2392000e+02   8.0860000e+01
   1.1070000e+03  -1.8899000e+02   3.2797000e+02   9.2190000e+01
   1.2110000e+03  -1.2067000e+02   2.9375000e+02   6.9250000e+01
   1.2770000e+03   6.1910000e+01   2.8688000e+02   6.1300000e+01
   1.3960000e+03  -1.0159000e+02   2.7679000e+02   6.3690000e+01
   1.4030000e+03  -1.0893000e+02   2.8536000e+02   6.6370000e+01
   1.6820000e+03   1.7888000e+02   2.8331000e+02   6.4700000e+01
   1.7280000e+03   5.8880000e+01   2.3700000e+02   4.6270000e+01
   2.3600000e+03  -3.6079000e+02   3.2668000e+02   8.5380000e+01
   2.5190000e+03  -2.4396000e+02   3.0922000e+02   7.6970000e+01
   2.6920000e+03  -3.6230000e+02   3.8678000e+02   1.2076000e+02
   2.8610000e+03  -3.2085000e+02   3.6344000e+02   1.0200000e+02
   2.8840000e+03  -9.7440000e+01   2.7962000e+02   6.1970000e+01
   1.0800000e+02  -1.3659000e+02   3.0736000e+02   7.3080000e+01
   1.1400000e+02  -2.9601000e+02   2.9470000e+02   6.8780000e+01
   1.5800000e+02  -1.5087000e+02   3.0300000e+02   7.5770000e+01
   1.6400000e+02  -3.1679000e+02   2.9304000e+02   7.2230000e+01
   1.9100000e+02  -1.4901000e+02   3.4057000e+02   9.5840000e+01
   2.8000000e+02  -4.2919000e+02   3.3158000e+02   9.7340000e+01
   2.9000000e+02   6.2780000e+01   2.9367000e+02   7.2030000e+01
   4.4200000e+02   8.1050000e+01   2.7887000e+02   6.6680000e+01
   7.3700000e+02   3.6850000e+01   2.9428000e+02   7.2040000e+01
   9.8600000e+02  -2.8536000e+02   3.3648000e+02   8.7930000e+01
   9.9600000e+02  -2.5222000e+02   3.3676000e+02   8.6170000e+01
   1.1000000e+03  -2.9864000e+02   3.3682000e+02   9.1830000e+01
   1.1860000e+03  -1.3282000e+02   3.4630000e+02   9.2870000e+01
   2.8580000e+03  -4.5847000e+02   3.5321000e+02   1.0424000e+02
   2.8630000e+03  -3.0598000e+02   3.2928000e+02   9.0780000e+01
   3.5000000e+01  -5.9647000e+02   3.3242000e+02   1.0174000e+02
   7.6000000e+01  -4.0509000e+02   3.2848000e+02   9.1270000e+01
   1.2900000e+02  -2.5589000e+02   3.0243000e+02   7.6970000e+01
   1.9600000e+02  -8.0130000e+01   3.1287000e+02   8.5780000e+01
   1.9700000e+02  -2.7471000e+02   2.9749000e+02   7.9470000e+01
   4.9600000e+02  -3.6377000e+02   3.2349000e+02   8.7370000e+01
   5.3000000e+02  -2.2320000e+02   3.0212000e+02   7.5000000e+01
   7.9000000e+02  -1.0218000e+02   2.6852000e+02   6.1990000e+01
   9.9800000e+02  -3.7007000e+02   3.3267000e+02   9.0290000e+01
   8.3000000e+01  -2.4110000e+02   3.2268000e+02   9.6860000e+01
   4.1700000e+02  -3.5792000e+02   3.7100000e+02   1.2332000e+02
   5.3500000e+02  -4.3440000e+01   3.0302000e+02   7.8660000e+01
   7.9500000e+02  -6.6690000e+01   3.0352000e+02   8.0310000e+01
   2.2120000e+03  -6.4680000e+01   3.1780000e+02   9.0820000e+01
   2.3700000e+03  -2.1782000e+02   3.3276000e+02   9.4910000e+01
   2.8570000e+03  -2.9920000e+01   3.3375000e+02   9.7930000e+01
   1.0380000e+03   3.4838000e+02   3.1448000e+02   7.6040000e+01
   1.0390000e+03   3.4474000e+02   3.1421000e+02   7.7020000e+01
   1.4120000e+03  -4.1051000e+02   3.1000000e+02   7.7770000e+01
   1.7260000e+03   4.6886000e+02   2.4142000e+02   6.2850000e+01
   7.9000000e+01  -8.7940000e+01   3.0200000e+02   7.3110000e+01
   9.3000000e+01   2.9740000e+02   2.7712000e+02   6.2770000e+01
   4.9300000e+02  -1.9582000e+02   3.0432000e+02   7.7740000e+01
   4.9400000e+02  -1.8641000e+02   3.1312000e+02   8.1790000e+01
   4.9500000e+02  -1.7187000e+02   3.1470000e+02   7.9920000e+01
   6.9300000e+02   3.9544000e+02   2.6956000e+02   5.8730000e+01
   8.0200000e+02   2.7906000e+02   2.8685000e+02   6.5130000e+01
   8.0500000e+02   1.8711000e+02   2.8031000e+02   6.3510000e+01
   8.6300000e+02   1.1249000e+02   2.7819000e+02   6.3500000e+01
   1.3980000e+03  -2.6478000e+02   2.9563000e+02   7.0270000e+01
   1.6680000e+03   4.3972000e+02   2.6440000e+02   5.5040000e+01
   1.6720000e+03   1.7032000e+02   3.1194000e+02   9.4800000e+01
   1.7030000e+03   2.0237000e+02   2.8594000e+02   6.3660000e+01
   2.8960000e+03  -5.3488000e+02   3.3762000e+02   8.5610000e+01
   3.0920000e+03   7.9410000e+01   3.1014000e+02   7.7900000e+01
   1.7900000e+02   1.5688000e+02   3.0500000e+02   7.7250000e+01
   1.8200000e+02  -6.7720000e+01   3.0637000e+02   7.6090000e+01
   2.6100000e+02   4.7500000e+01   3.0738000e+02   7.6710000e+01
   2.6200000e+02  -5.9070000e+01   3.0455000e+02   7.6010000e+01
   2.6800000e+02  -6.2730000e+01   3.0436000e+02   7.5660000e+01
   4.4400000e+02  -6.9440000e+01   3.3862000e+02   1.0704000e+02
   8.0600000e+02   1.1163000e+02   2.7004000e+02   6.2060000e+01
   1.4880000e+03   1.9277000e+02   2.9219000e+02   6.9250000e+01
   2.2520000e+03   1.5270000e+02   3.1344000e+02   8.8740000e+01
   2.8970000e+03  -3.7489000e+02   3.2757000e+02   8.9140000e+01
   3.0430000e+03   1.5414000e+02   3.0658000e+02   7.5810000e+01
   3.0440000e+03   1.5415000e+02   3.0658000e+02   7.5810000e+01
   4.3000000e+01   1.6799000e+02   2.8998000e+02   7.0100000e+01
   4.4000000e+01   1.1813000e+02   2.7644000e+02   6.6000000e+01
   9.6000000e+01   1.7359000e+02   2.8885000e+02   7.0790000e+01
   1.2200000e+02   1.2366000e+02   3.1140000e+02   7.8690000e+01
   1.3400000e+02  -7.6110000e+01   2.8991000e+02   6.5320000e+01
   1.4200000e+02  -6.3790000e+01   2.8955000e+02   6.5110000e+01
   1.4300000e+02   8.4390000e+01   3.0179000e+02   7.3040000e+01
   1.8600000e+02  -9.1750000e+01   3.1251000e+02   8.0950000e+01
   2.1600000e+02  -1.6810000e+01   3.0115000e+02   7.9810000e+01
   4.3200000e+02   1.6885000e+02   2.6181000e+02   5.5580000e+01
   5.1400000e+02  -1.0470000e+01   3.0986000e+02   8.1810000e+01
   6.7100000e+02  -3.6268000e+02   3.3133000e+02   9.4420000e+01
   6.8200000e+02  -3.0991000e+02   3.3525000e+02   9.2640000e+01
   8.7700000e+02  -3.3329000e+02   3.4130000e+02   9.4630000e+01
   9.1100000e+02  -3.1923000e+02   3.4300000e+02   9.4850000e+01
   1.1770000e+03  -5.6619000e+02   3.3121000e+02   9.2610000e+01
   1.1780000e+03  -5.6676000e+02   3.3051000e+02   9.2940000e+01
   1.2350000e+03  -3.3291000e+02   3.5225000e+02   9.8570000e+01
   1.6760000e+03  -3.3228000e+02   3.1425000e+02   8.4450000e+01
   1.7000000e+03   9.5780000e+01   3.0815000e+02   8.1110000e+01
   2.3960000e+03  -6.3190000e+01   3.5662000e+02   9.9740000e+01
   2.3970000e+03  -8.1690000e+01   3.6187000e+02   1.0134000e+02
   2.4000000e+03  -6.2020000e+01   3.6429000e+02   9.8220000e+01
   1.7100000e+02   1.1679000e+02   3.1575000e+02   8.6820000e+01
   1.8400000e+02   3.3170000e+01   3.1353000e+02   8.5450000e+01
   9.6000000e+02  -5.0217000e+02   3.7391000e+02   1.1435000e+02
   1.1320000e+03  -2.0126000e+02   3.0958000e+02   8.2660000e+01
   1.6870000e+03   1.2036000e+02   2.9372000e+02   6.9420000e+01
   5.7000000e+01  -1.1776000e+02   3.1101000e+02   8.2070000e+01
   7.1000000e+01  -3.4950000e+02   3.0351000e+02   8.1860000e+01
   7.3000000e+01   1.4180000e+01   3.4006000e+02   1.0125000e+02
   7.8000000e+01  -1.8847000e+02   3.7261000e+02   1.0435000e+02
   8.0000000e+01  -2.9979000e+02   3.0850000e+02   8.4310000e+01
   9.4000000e+01   5.9600000e+00   2.9688000e+02   7.4310000e+01
   1.5300000e+02  -2.3874000e+02   3.3848000e+02   9.0780000e+01
   1.8500000e+02  -4.8220000e+02   3.4513000e+02   1.0258000e+02
   2.4400000e+02   2.8720000e+01   3.1527000e+02   8.4820000e+01
   3.6300000e+02  -4.7716000e+02   3.4961000e+02   1.0036000e+02
   4.2100000e+02  -1.1000000e-01   3.0192000e+02   7.6220000e+01
   6.2200000e+02  -2.1422000e+02   3.2266000e+02   8.9260000e+01
   6.9000000e+02   3.0370000e+01   2.8288000e+02   6.9100000e+01
   1.1010000e+03  -3.3470000e+01   3.0625000e+02   7.8860000e+01
   1.3970000e+03  -1.4308000e+02   3.0035000e+02   7.9890000e+01
   1.4690000e+03  -1.5969000e+02   3.2122000e+02   9.2450000e+01
   1.7300000e+03  -5.3400000e+00   2.9816000e+02   7.6730000e+01
   2.5200000e+03  -1.4016000e+02   3.0862000e+02   8.6800000e+01
   9.9000000e+01  -1.6591000e+02   3.3373000e+02   9.5940000e+01
   1.0400000e+02  -1.5652000e+02   3.3953000e+02   9.3390000e+01
   7.0900000e+02  -1.4934000e+02   3.0575000e+02   8.6050000e+01
   9.8700000e+02  -3.1861000e+02   3.6273000e+02   1.1134000e+02
   9.9500000e+02  -2.8604000e+02   3.6922000e+02   1.0688000e+02
   1.2080000e+03  -1.8475000e+02   3.6169000e+02   1.2088000e+02
   1.2220000e+03  -2.3294000e+02   3.5889000e+02   1.0811000e+02
   1.4840000e+03  -3.5925000e+02   3.2006000e+02   9.7600000e+01
   5.6000000e+01  -3.5667000e+02   3.6474000e+02   1.0863000e+02
   7.7000000e+01  -4.2896000e+02   3.5721000e+02   1.1219000e+02
   9.1000000e+01  -8.8980000e+01   3.5160000e+02   1.0363000e+02
   9.2000000e+01  -2.7527000e+02   3.3469000e+02   9.7260000e+01
   1.7500000e+02  -2.8416000e+02   3.2717000e+02   9.9410000e+01
   1.7800000e+02  -1.1427000e+02   3.3680000e+02   1.1053000e+02
   4.7100000e+02  -8.4860000e+01   3.5602000e+02   1.0445000e+02
   1.0050000e+03  -2.4196000e+02   3.3491000e+02   9.5450000e+01
   1.1930000e+03  -4.5827000e+02   3.5345000e+02   1.1852000e+02
   1.1940000e+03  -4.6523000e+02   3.5235000e+02   1.1851000e+02
   1.2040000e+03  -2.9455000e+02   3.2907000e+02   1.0019000e+02
   1.2400000e+03  -2.5640000e+02   3.3450000e+02   9.5700000e+01
   2.6790000e+03  -9.2950000e+01   3.4915000e+02   1.0749000e+02
   7.1000000e+02  -8.6230000e+01   3.3567000e+02   1.0058000e+02
   2.2130000e+03  -9.6060000e+01   3.4140000e+02   1.1544000e+02
   2.2190000e+03  -8.9000000e+01   3.5959000e+02   1.1162000e+02
   2.0400000e+02   2.5123000e+02   3.2373000e+02   8.7880000e+01
   2.5300000e+02   2.4693000e+02   3.2356000e+02   8.8210000e+01
   1.1510000e+03  -2.9957000e+02   3.2297000e+02   9.1120000e+01
   7.5000000e+01   4.2266000e+02   3.0298000e+02   8.0350000e+01
   1.3700000e+02   6.0480000e+01   2.9512000e+02   7.3020000e+01
   2.2800000e+02  -5.4590000e+01   3.0581000e+02   7.9920000e+01
   2.5400000e+02   1.0298000e+02   3.1743000e+02   8.3500000e+01
   2.5600000e+02  -1.6575000e+02   3.0952000e+02   8.1870000e+01
   2.5700000e+02   5.5610000e+01   3.2061000e+02   8.5440000e+01
   2.5900000e+02   2.2819000e+02   3.3446000e+02   9.4010000e+01
   1.1430000e+03  -8.0970000e+01   3.0522000e+02   7.9340000e+01
   1.1470000e+03   1.0559000e+02   3.1761000e+02   8.3710000e+01
   1.1500000e+03   9.7390000e+01   3.1734000e+02   8.3730000e+01
   1.4830000e+03  -1.9616000e+02   3.2037000e+02   8.6740000e+01
   2.6810000e+03  -4.5937000e+02   3.4599000e+02   1.0284000e+02
   3.4000000e+01   2.9746000e+02   3.1477000e+02   8.5260000e+01
   6.5000000e+01   1.4314000e+02   2.7332000e+02   6.5420000e+01
   1.8100000e+02  -7.7550000e+01   3.0745000e+02   8.0980000e+01
   1.8900000e+02   8.0590000e+01   3.2200000e+02   8.8770000e+01
   2.4200000e+02  -6.6320000e+01   3.0753000e+02   8.1090000e+01
   2.4500000e+02   8.0400000e+01   3.2022000e+02   8.8890000e+01
   2.5800000e+02  -6.7100000e+00   3.0066000e+02   7.6860000e+01
   4.8100000e+02  -3.0512000e+02   3.2869000e+02   9.6740000e+01
   8.0400000e+02   7.4534000e+02   2.8893000e+02   7.0500000e+01
   1.4810000e+03  -8.9830000e+01   3.0655000e+02   7.8840000e+01
   1.4820000e+03  -8.9830000e+01   3.0655000e+02   7.8840000e+01
   2.3700000e+02   1.1394000e+02   3.3811000e+02   9.9860000e+01
   1.1490000e+03   1.0508000e+02   3.1332000e+02   8.4370000e+01
   1.4700000e+03  -2.8865000e+02   3.9688000e+02   1.2367000e+02
   1.7200000e+02   8.4100000e+01   3.1100000e+02   8.8530000e+01
   2.1000000e+02   2.2679000e+02   3.1047000e+02   9.1400000e+01
   2.1200000e+02  -1.1674000e+02   3.0486000e+02   8.3430000e+01
   4.3800000e+02  -1.9256000e+02   3.1334000e+02   8.6580000e+01
   4.3900000e+02   4.3230000e+01   2.9039000e+02   7.1430000e+01
   6.9800000e+02  -3.4474000e+02   3.6801000e+02   1.1611000e+02
   8.6800000e+02   8.6550000e+01   3.1601000e+02   8.8480000e+01
   8.6900000e+02   9.2150000e+01   3.1802000e+02   8.7880000e+01
   1.1970000e+03  -3.6874000e+02   3.7797000e+02   1.1756000e+02
   1.2390000e+03  -1.1694000e+02   3.3375000e+02   9.6400000e+01
   1.7330000e+03   1.3550000e+02   3.2181000e+02   9.3170000e+01
   1.7340000e+03   1.4135000e+02   3.2561000e+02   9.1670000e+01
   1.7350000e+03   1.4839000e+02   3.2203000e+02   9.0090000e+01
   1.7360000e+03   1.3550000e+02   3.4461000e+02   9.2420000e+01
   1.7370000e+03   1.4755000e+02   3.1754000e+02   9.3510000e+01
   1.7380000e+03   8.6550000e+01   3.1601000e+02   8.8480000e+01
   2.6780000e+03  -1.4778000e+02   3.4378000e+02   1.0446000e+02
   4.1000000e+01   8.1320000e+01   3.0760000e+02   8.7450000e+01
   1.4860000e+03   7.9840000e+01   3.4062000e+02   1.1162000e+02
   2.8000000e+01  -4.2000000e+00   3.0988000e+02   9.3270000e+01
   1.2700000e+02  -1.3010000e+01   3.2550000e+02   9.4500000e+01
   1.9500000e+02  -2.5799000e+02   3.6863000e+02   1.1107000e+02
   2.3500000e+02  -2.1490000e+01   3.2514000e+02   9.7420000e+01
   2.4800000e+02  -2.6007000e+02   3.7138000e+02   1.1096000e+02
   1.1750000e+03  -6.3310000e+01   3.2305000e+02   9.8170000e+01
   1.7390000e+03   7.1500000e+00   3.1485000e+02   9.2240000e+01
   1.7400000e+03   1.6700000e+00   3.1419000e+02   9.2410000e+01
   1.7410000e+03   9.4800000e+00   3.1409000e+02   8.9380000e+01
   1.7440000e+03  -3.4460000e+01   3.3250000e+02   1.0001000e+02
   2.8280000e+03  -1.2030000e+02   3.7826000e+02   1.2696000e+02
   1.7450000e+03   6.9931000e+02   2.9873000e+02   9.1620000e+01
   2.9610000e+03  -2.4500000e+01   3.7911000e+02   1.2035000e+02
   2.0000000e+02   2.8514000e+02   3.2689000e+02   9.3040000e+01
   2.1400000e+02  -8.2510000e+01   3.2867000e+02   9.7970000e+01
   2.4900000e+02   2.8196000e+02   3.2714000e+02   9.2910000e+01
   1.9630000e+03   7.1165000e+02   2.9352000e+02   7.2420000e+01
   2.8870000e+03  -1.1596000e+02   3.3248000e+02   9.7600000e+01
   2.6700000e+02   2.4900000e+01   3.3209000e+02   9.5970000e+01
   1.4000000e+03  -1.2939000e+02   3.4288000e+02   1.0794000e+02
   3.0500000e+02   8.8340000e+01   2.6815000e+02   7.1860000e+01
   3.0600000e+02   1.0916000e+02   3.3983000e+02   9.8580000e+01
   5.6000000e+02   2.2541000e+02   2.9825000e+02   8.0040000e+01
   1.0630000e+03   4.3104000e+02   3.3489000e+02   9.9980000e+01
   2.3810000e+03  -2.7561000e+02   3.3754000e+02   1.1152000e+02
   2.6240000e+03  -2.6526000e+02   3.3818000e+02   1.1256000e+02
   2.2090000e+03   2.5216000e+02   3.3103000e+02   1.0493000e+02
   2.3800000e+02  -1.3366000e+02   3.4030000e+02   1.0362000e+02
   1.1810000e+03   1.1822000e+02   3.0581000e+02   8.3940000e+01
   1.4060000e+03   1.1783000e+02   3.0272000e+02   8.4100000e+01
   1.6710000e+03   1.7723000e+02   3.3269000e+02   1.0004000e+02
   1.6950000e+03   1.7722000e+02   3.3266000e+02   1.0003000e+02
   1.7470000e+03   1.8388000e+02   3.3337000e+02   9.9450000e+01
   1.6930000e+03   5.5880000e+01   3.4876000e+02   1.1183000e+02
   1.6940000e+03   5.3030000e+01   3.4457000e+02   1.1108000e+02
   1.7500000e+03   1.5430000e+01   3.1848000e+02   9.4780000e+01
   1.7530000e+03   6.7620000e+01   3.4829000e+02   1.0848000e+02
   1.7570000e+03   5.5620000e+01   3.4991000e+02   1.1097000e+02
   1.7720000e+03   1.2925000e+02   3.4915000e+02   1.1417000e+02
   6.3000000e+02   3.1004000e+02   3.3035000e+02   9.8700000e+01
   3.0300000e+02  -3.6100000e+01   3.3257000e+02   9.9880000e+01
