   2.4000000e+01   8.1170000e+01   7.6190000e+01   2.6266000e+02   2.6146000e+02             NaN   4.4660000e+01
   2.5000000e+01   6.8620000e+01   7.0450000e+01   2.5981000e+02   2.6254000e+02             NaN   4.3250000e+01
   2.6000000e+01             NaN   1.1316000e+02             NaN   2.1124000e+02             NaN   2.1890000e+01
   2.8300000e+02             NaN  -2.4209000e+02             NaN   2.5727000e+02             NaN   4.2880000e+01
   2.8400000e+02  -5.8459000e+02  -6.0859000e+02   3.1449000e+02   3.1343000e+02   6.3600000e+01   6.3350000e+01
   2.8500000e+02             NaN  -4.3892000e+02             NaN   1.8810000e+02             NaN   3.6640000e+01
   2.8600000e+02  -1.2091800e+03  -1.2242200e+03   2.7672000e+02   2.7777000e+02   5.4200000e+01   5.4020000e+01
   3.1500000e+02             NaN  -5.8823000e+02             NaN   2.4497000e+02             NaN   4.0440000e+01
   3.1700000e+02  -3.6024000e+02  -3.7105000e+02   2.5230000e+02   2.4522000e+02             NaN   4.2870000e+01
   3.1900000e+02  -7.9601000e+02  -8.0261000e+02   2.2762000e+02   2.2144000e+02             NaN   3.7690000e+01
   3.2700000e+02   1.3640000e+02   1.2882000e+02   1.9769000e+02   1.9733000e+02             NaN   2.1050000e+01
   3.2900000e+02   2.6359000e+02   2.7845000e+02   2.1034000e+02   2.1002000e+02             NaN   2.2310000e+01
   3.3700000e+02   6.4750000e+02   6.0934000e+02   2.1242000e+02   1.9710000e+02   2.1200000e+01   2.0910000e+01
   3.3800000e+02             NaN  -1.7519800e+03             NaN   2.6945000e+02             NaN   6.0250000e+01
   3.4000000e+02  -4.0296000e+02  -4.2687000e+02   2.9007000e+02   2.8954000e+02   5.4100000e+01   5.4640000e+01
   3.4100000e+02  -1.1356000e+03  -1.1562100e+03   2.5426000e+02   2.5463000e+02   4.2200000e+01   4.2350000e+01
   3.4300000e+02             NaN   5.8710000e+02             NaN   2.1062000e+02             NaN   2.2020000e+01
   3.9500000e+02  -5.5230000e+01  -5.9830000e+01   2.1794000e+02   2.1768000e+02   2.3800000e+01   2.3610000e+01
   3.9600000e+02   1.0180000e+02   1.0190000e+02   2.2660000e+02   2.2096000e+02             NaN   2.3170000e+01
   3.9700000e+02   0.0000000e+00  -4.8300000e+00   2.2297000e+02   2.1713000e+02   2.5700000e+01   2.5630000e+01
   4.1600000e+02  -1.3179600e+03  -1.3903800e+03   3.0867000e+02   3.0759000e+02             NaN   7.0150000e+01
   4.8000000e+02  -6.1900000e+02  -6.4188000e+02   2.5270000e+02   2.5699000e+02             NaN   3.6520000e+01
   5.0900000e+02   8.2840000e+01   9.0480000e+01   3.0845000e+02   2.9904000e+02   5.7400000e+01   6.0150000e+01
   5.4000000e+02             NaN   3.2734000e+02             NaN   2.6773000e+02             NaN   4.3900000e+01
   5.4100000e+02   0.0000000e+00   6.1000000e-01   2.0268000e+02   1.9636000e+02   2.3000000e+01   2.2140000e+01
   6.4300000e+02  -1.9572000e+02  -1.9747000e+02   2.1292000e+02   2.1253000e+02             NaN   2.4750000e+01
   6.4400000e+02  -3.3514000e+02  -3.4375000e+02   2.0031000e+02   2.0019000e+02             NaN   2.2770000e+01
   6.4900000e+02             NaN   1.8114000e+02             NaN   2.1907000e+02             NaN   2.8130000e+01
   6.5600000e+02             NaN  -5.6603000e+02             NaN   2.6545000e+02             NaN   4.5740000e+01
   6.5800000e+02  -3.9246000e+02  -4.0248000e+02   2.7703000e+02   2.6600000e+02             NaN   4.8040000e+01
   6.6000000e+02  -7.2676000e+02  -7.2913000e+02   2.5651000e+02   2.4180000e+02             NaN   4.3430000e+01
   6.6900000e+02   1.4523000e+02   2.0952000e+02   2.2548000e+02   2.2502000e+02             NaN   2.5720000e+01
   7.1500000e+02   9.0250000e+01   9.3860000e+01   2.1060000e+02   2.0508000e+02   2.5200000e+01   2.0840000e+01
   7.2000000e+02   3.3180000e+01   3.7910000e+01   2.3992000e+02   2.3975000e+02   2.8700000e+01   2.8510000e+01
   7.2100000e+02   0.0000000e+00   3.2800000e+00   1.9161000e+02   1.8559000e+02   2.0800000e+01   2.0790000e+01
   7.2200000e+02   1.7150000e+02   1.8697000e+02   2.1110000e+02   2.1085000e+02             NaN   2.1220000e+01
   7.2300000e+02             NaN   2.8041000e+02             NaN   2.1715000e+02             NaN   2.1510000e+01
   7.2400000e+02   2.6300000e+02   2.2025000e+02   2.9737000e+02   2.9789000e+02   5.9000000e+01   5.9420000e+01
   7.2500000e+02  -1.3209000e+02  -1.3602000e+02   2.6077000e+02   2.6080000e+02   4.5000000e+01   4.5050000e+01
   7.2800000e+02   5.1760000e+01   5.6100000e+01   2.6163000e+02   2.6117000e+02   3.6500000e+01   3.5940000e+01
   7.2900000e+02  -6.6500000e+01  -8.5090000e+01   2.4900000e+02   2.4769000e+02   3.0300000e+01   3.2640000e+01
   7.3200000e+02   8.2010000e+01   8.5590000e+01   2.1996000e+02   2.1932000e+02   3.0300000e+01   2.9630000e+01
   7.3300000e+02  -1.0878000e+02  -1.1572000e+02   2.6026000e+02   2.6449000e+02   4.1500000e+01   3.9920000e+01
   7.3400000e+02   1.2130000e+01   1.2090000e+01   2.7220000e+02   2.7757000e+02             NaN   4.4390000e+01
   7.4800000e+02   0.0000000e+00   1.0400000e+00   2.0504000e+02   1.9918000e+02   2.1100000e+01   2.0980000e+01
   7.5200000e+02   1.4267000e+02   1.5341000e+02   2.3882000e+02   2.3790000e+02   3.1000000e+01   2.9660000e+01
   7.6300000e+02  -2.3800000e+01  -1.1520000e+01   2.7886000e+02   2.7921000e+02   5.6600000e+01   5.7170000e+01
   7.6800000e+02             NaN  -1.9110000e+01             NaN   2.8091000e+02             NaN   5.9940000e+01
   7.7200000e+02             NaN  -2.2339400e+03             NaN   3.2746000e+02             NaN   9.6900000e+01
   7.7400000e+02  -9.5740000e+02  -9.6280000e+02   2.7260000e+02   2.7372000e+02   5.0400000e+01   5.0990000e+01
   7.7500000e+02  -5.5848000e+02  -5.6784000e+02   3.2535000e+02   3.3486000e+02   7.6500000e+01   7.6780000e+01
   7.7600000e+02  -1.2543000e+03  -1.2707500e+03   2.8518000e+02   2.8643000e+02             NaN   6.1350000e+01
   8.2100000e+02   1.0596000e+02   1.1159000e+02   2.2379000e+02   2.2352000e+02   2.4000000e+01   2.3900000e+01
   8.2200000e+02             NaN  -1.0083000e+02             NaN   2.1139000e+02             NaN   2.1490000e+01
   8.2400000e+02  -1.8140000e+02  -1.8256000e+02   2.2970000e+02   2.2953000e+02   2.7500000e+01   2.7300000e+01
   8.2500000e+02  -2.9045000e+02  -2.8706000e+02   2.1750000e+02   2.1731000e+02   2.6000000e+01   2.5640000e+01
   8.2900000e+02             NaN  -8.6330000e+01             NaN   2.5729000e+02             NaN   4.4330000e+01
   8.3300000e+02             NaN  -6.0739000e+02             NaN   2.6431000e+02             NaN   5.4820000e+01
   8.3500000e+02  -2.9684000e+02  -2.9674000e+02   2.4810000e+02   2.4806000e+02   3.1600000e+01   3.1330000e+01
   8.3600000e+02  -2.9665000e+02  -2.9977000e+02   2.5770000e+02   2.5812000e+02             NaN   3.6870000e+01
   8.3700000e+02  -3.9572000e+02  -3.9601000e+02   2.5651000e+02   2.5659000e+02   4.2400000e+01   4.2300000e+01
   8.3800000e+02  -1.2204700e+03  -1.2404300e+03   2.9154000e+02   3.2002000e+02   8.8600000e+01   9.0700000e+01
   8.3900000e+02             NaN  -2.2058000e+02             NaN   2.1849000e+02             NaN   2.4880000e+01
   8.4000000e+02  -7.6316000e+02  -7.8489000e+02   2.9965000e+02   3.0178000e+02   6.9300000e+01   6.7950000e+01
   8.4700000e+02  -8.3700000e+00  -2.7230000e+01   3.0100000e+02   3.1469000e+02   7.0900000e+01   7.5900000e+01
   8.4800000e+02  -1.6149400e+03  -1.6290600e+03   2.8265000e+02   2.8380000e+02   6.5300000e+01   6.5940000e+01
   8.5900000e+02             NaN   2.6585000e+02             NaN   2.7169000e+02             NaN   3.8700000e+01
   8.6000000e+02             NaN   1.5838000e+02             NaN   2.5861000e+02             NaN   3.5120000e+01
   8.6100000e+02             NaN  -9.6800000e+00             NaN   2.5956000e+02             NaN   3.5620000e+01
   8.6200000e+02  -2.1250000e+02  -2.0449000e+02   3.0966000e+02   3.0905000e+02   5.8300000e+01   5.8530000e+01
   8.8300000e+02  -8.4098000e+02  -9.1706000e+02   3.3605000e+02   3.3189000e+02             NaN   7.8540000e+01
   8.9000000e+02             NaN  -1.6893000e+02             NaN   2.8643000e+02             NaN   5.9120000e+01
   9.3400000e+02  -1.2220000e+02  -1.2104000e+02   2.0050000e+02   2.0046000e+02             NaN   2.1210000e+01
   9.7000000e+02  -1.7570000e+01  -2.4880000e+01   2.8163000e+02   2.8221000e+02   4.2600000e+01   4.3050000e+01
   1.0180000e+03   1.9200000e+01   3.6300000e+01   2.7721000e+02   2.7193000e+02   5.3800000e+01   5.0080000e+01
   1.0190000e+03   2.4690000e+01   2.5310000e+01             NaN   2.4663000e+02             NaN   3.3970000e+01
   1.2800000e+03  -7.5856000e+02  -7.6979000e+02   2.8363000e+02   2.8461000e+02   5.7600000e+01   5.8380000e+01
   1.3580000e+03             NaN  -1.1633800e+03             NaN   3.4781000e+02             NaN   8.7660000e+01
   1.3590000e+03             NaN  -1.9604500e+03             NaN   2.9641000e+02             NaN   7.3920000e+01
   1.3610000e+03             NaN  -1.7651400e+03             NaN   3.3070000e+02             NaN   7.7380000e+01
   1.3620000e+03             NaN  -1.5665500e+03             NaN   3.4371000e+02             NaN   8.0820000e+01
   1.4200000e+03  -2.6568000e+02  -2.7561000e+02             NaN   2.0941000e+02             NaN   2.3660000e+01
   1.4280000e+03  -1.6000000e+02  -1.6927000e+02   2.8151000e+02   2.7966000e+02   5.6100000e+01   5.6150000e+01
   1.4440000e+03             NaN   5.1920000e+01             NaN   1.9966000e+02             NaN   2.3340000e+01
   1.4480000e+03  -5.4392000e+02  -5.9712000e+02   2.7913000e+02   2.8002000e+02   4.8500000e+01   4.9410000e+01
   1.4500000e+03  -2.8500000e+01  -2.6780000e+01   2.2280000e+02   2.1791000e+02             NaN   2.1490000e+01
   1.4520000e+03   5.0200000e+00   5.1300000e+00   2.2200000e+02   2.2183000e+02             NaN   2.1770000e+01
   1.4530000e+03  -5.6480000e+01  -5.5510000e+01   2.6702000e+02   2.6690000e+02             NaN   3.5660000e+01
   1.4890000e+03             NaN  -3.5985000e+02             NaN   2.8733000e+02             NaN   6.4160000e+01
   1.4960000e+03  -1.0090700e+03  -1.0091700e+03   2.9815000e+02   2.9918000e+02             NaN   6.6940000e+01
   1.5010000e+03             NaN  -3.3418000e+02   2.9283000e+02   2.8800000e+02             NaN   5.5410000e+01
   2.2480000e+03   5.8990000e+01   6.2540000e+01   2.8007000e+02   3.0046000e+02   4.0300000e+01   5.8870000e+01
   2.3480000e+03  -3.3644000e+02  -3.2570000e+02   2.9408000e+02   2.9474000e+02             NaN   5.8070000e+01
   2.3510000e+03             NaN  -4.4524000e+02             NaN   2.9286000e+02             NaN   6.2760000e+01
   2.9090000e+03  -6.6275000e+02  -6.8343000e+02   3.3084000e+02   3.5300000e+02   8.2000000e+01   8.2670000e+01
   3.0760000e+03   2.1589000e+02   2.1597000e+02   1.9700000e+02   1.9131000e+02             NaN   2.7450000e+01
   3.0810000e+03   1.4400000e+02   1.4910000e+02   2.1810000e+02   2.1204000e+02             NaN   2.3440000e+01
   3.0820000e+03   1.2845000e+02   1.2306000e+02   2.2820000e+02   2.2234000e+02             NaN   2.4130000e+01
   3.0950000e+03  -3.6400000e+02  -3.5799000e+02   3.1183000e+02   3.1307000e+02   6.8700000e+01   6.9740000e+01
   3.0970000e+03  -1.6740000e+01  -3.5920000e+01   3.2721000e+02   3.2191000e+02             NaN   6.4770000e+01
   3.0980000e+03  -1.6862000e+02  -1.7995000e+02             NaN   2.8816000e+02             NaN   4.3210000e+01
   3.1010000e+03   9.0800000e+00   1.5380000e+01   3.0430000e+02   3.1312000e+02   7.0700000e+01   6.8620000e+01
   3.1170000e+03   1.0900000e+02   1.1316000e+02   2.4746000e+02   2.1124000e+02   2.5800000e+01   2.1890000e+01
   3.1320000e+03  -9.9600000e+01  -1.0083000e+02   2.1127000e+02   2.1139000e+02   2.1600000e+01   2.1490000e+01
   3.1410000e+03             NaN   1.9428000e+02             NaN   2.1781000e+02             NaN   2.8520000e+01
   3.1420000e+03             NaN   9.6113000e+02             NaN   2.1370000e+02             NaN   2.8920000e+01
   3.3990000e+03             NaN   6.7906000e+02             NaN   1.3304000e+02             NaN   1.2470000e+01
   3.4000000e+03             NaN   2.3355300e+03             NaN   1.4837000e+02             NaN   1.2470000e+01
   3.4020000e+03             NaN   6.0469000e+02             NaN   1.4784000e+02             NaN   1.2470000e+01
   3.4030000e+03             NaN   5.4616600e+03             NaN   1.4984000e+02             NaN   1.2470000e+01
   3.1600000e+02             NaN  -5.0956000e+02             NaN   2.6358000e+02             NaN   5.0380000e+01
   3.1800000e+02             NaN  -7.2182000e+02             NaN   2.5147000e+02             NaN   4.7100000e+01
   3.3500000e+02   4.4270000e+02   4.3221000e+02   1.7180000e+02   1.7175000e+02             NaN   2.0800000e+01
   4.5400000e+02             NaN  -2.6908000e+02             NaN   2.7371000e+02             NaN   4.1460000e+01
   4.6000000e+02             NaN  -1.7956000e+02             NaN   2.9071000e+02             NaN   4.7910000e+01
   4.7200000e+02             NaN  -6.3670000e+01   2.5280000e+02   2.5265000e+02             NaN   3.4810000e+01
   4.7400000e+02             NaN  -7.5298000e+02             NaN   2.4450000e+02             NaN   3.4280000e+01
   4.7800000e+02             NaN  -5.8187000e+02             NaN   2.6497000e+02             NaN   3.9860000e+01
   5.8600000e+02   2.9410000e+02   2.9415000e+02   2.3872000e+02   2.3869000e+02             NaN   3.5370000e+01
   5.8900000e+02  -9.2310000e+01  -9.6690000e+01   1.8679000e+02   1.8655000e+02   2.0800000e+01   2.0790000e+01
   5.9900000e+02             NaN  -9.5678000e+02             NaN   3.0520000e+02             NaN   6.6290000e+01
   6.0300000e+02   3.9000000e+01   3.6030000e+01   1.8370000e+02   1.7815000e+02             NaN   2.0790000e+01
   6.0400000e+02             NaN  -1.4030000e+02             NaN   1.7233000e+02             NaN   2.0790000e+01
   6.0600000e+02  -7.8700000e+01  -8.0760000e+01   2.3656000e+02   2.3634000e+02   2.9000000e+01   2.8790000e+01
   6.0700000e+02             NaN  -8.8510000e+01             NaN   2.2632000e+02             NaN   2.7010000e+01
   6.0900000e+02   3.5648000e+02   3.5884000e+02   1.8120000e+02   1.8099000e+02             NaN   2.0790000e+01
   6.4500000e+02   1.3933000e+02   1.3892000e+02   1.7094000e+02   1.7062000e+02             NaN   2.1200000e+01
   6.4600000e+02  -2.3430000e+02  -2.4219000e+02   2.1070000e+02   2.1043000e+02   3.7700000e+01   3.5980000e+01
   6.5700000e+02             NaN  -4.7735000e+02             NaN   2.8569000e+02             NaN   5.6980000e+01
   7.1400000e+02  -1.3430000e+02  -1.3577000e+02   2.6637000e+02   2.6596000e+02   4.5600000e+01   4.4660000e+01
   7.3000000e+02             NaN   1.0801000e+02             NaN   2.2052000e+02             NaN   2.5370000e+01
   7.3100000e+02  -7.9500000e+01  -7.7830000e+01   2.5399000e+02   2.4815000e+02   3.7700000e+01   3.6810000e+01
   7.6400000e+02             NaN  -2.9700000e+00             NaN   2.9700000e+02   6.4900000e+01   6.5450000e+01
   7.7700000e+02             NaN  -4.5160000e+02             NaN   2.6197000e+02             NaN   4.1330000e+01
   8.2600000e+02   1.2427000e+02   1.4210000e+02   1.8823000e+02   1.8799000e+02             NaN   2.1710000e+01
   8.2700000e+02  -1.9776000e+02  -1.8509000e+02   2.2833000e+02   2.3754000e+02   4.0300000e+01   4.1070000e+01
   1.4640000e+03   1.4270000e+02   1.4034000e+02   1.9570000e+02   1.9203000e+02             NaN   2.0790000e+01
   1.4990000e+03             NaN  -3.5940000e+01             NaN   2.5664000e+02             NaN   3.6880000e+01
   1.5130000e+03             NaN  -8.9490000e+01             NaN   2.3552000e+02             NaN   2.7320000e+01
   1.6730000e+03             NaN  -4.2450000e+01             NaN   2.4378000e+02             NaN   2.9920000e+01
   3.0380000e+03             NaN  -2.4730000e+01             NaN   2.4139000e+02             NaN   2.7660000e+01
   3.0660000e+03             NaN   3.3799000e+02             NaN   1.7651000e+02             NaN   2.0830000e+01
   3.2000000e+02   1.2552000e+02   1.6393000e+02   1.7318000e+02   1.6919000e+02             NaN   2.7410000e+01
   3.2100000e+02             NaN  -6.3630000e+02             NaN   2.6478000e+02             NaN   5.9020000e+01
   4.0200000e+02             NaN  -9.4670000e+01             NaN   2.3999000e+02             NaN   3.2170000e+01
   4.1200000e+02             NaN  -7.6460000e+01             NaN   2.5610000e+02             NaN   3.6130000e+01
   4.6100000e+02  -3.2049000e+02  -3.3033000e+02   2.8662000e+02   2.9282000e+02   5.4100000e+01   5.4180000e+01
   4.7900000e+02  -7.9078000e+02  -7.8715000e+02   2.6212000e+02   2.6817000e+02             NaN   4.6210000e+01
   4.8300000e+02             NaN  -1.2981800e+03             NaN   3.1072000e+02             NaN   7.9270000e+01
   4.8400000e+02  -7.3520000e+02  -7.3360000e+02   2.9870000e+02   3.0242000e+02   7.6000000e+01   7.4240000e+01
   4.8500000e+02             NaN  -8.4627000e+02             NaN   3.0250000e+02             NaN   6.9580000e+01
   5.3900000e+02             NaN  -2.8390000e+01             NaN   2.2976000e+02             NaN   2.8280000e+01
   5.5100000e+02             NaN  -2.5710000e+02             NaN   2.4352000e+02             NaN   3.2390000e+01
   5.9500000e+02   6.0000000e-02  -1.0000000e-01   1.1888000e+02   1.2450000e+02   2.1300000e+01   2.0790000e+01
   5.9600000e+02  -1.3611000e+02  -1.3735000e+02   2.3288000e+02   2.2746000e+02   3.4200000e+01   3.4130000e+01
   6.0000000e+02  -2.0630000e+01  -2.5150000e+01   2.0560000e+02   2.0557000e+02   2.5900000e+01   2.5770000e+01
   9.1400000e+02  -2.4182000e+02  -2.4484000e+02   1.8882000e+02   1.8864000e+02   2.5300000e+01   2.5130000e+01
   1.4970000e+03             NaN   2.2700000e+00             NaN   2.6808000e+02             NaN   4.8700000e+01
   2.2440000e+03             NaN  -1.0635000e+02             NaN   2.4065000e+02             NaN   3.4330000e+01
   3.0700000e+03   1.8490000e+02   1.8535000e+02   1.9500000e+02   2.0036000e+02             NaN   2.5210000e+01
   3.0710000e+03   2.7280000e+02   2.6312000e+02             NaN   2.1308000e+02             NaN   2.6510000e+01
   3.0740000e+03             NaN   1.1670000e+01             NaN   2.1277000e+02             NaN   2.6190000e+01
   3.0750000e+03   1.3849000e+02   1.3352000e+02             NaN   2.1825000e+02             NaN   2.6040000e+01
   3.1080000e+03             NaN   2.0072000e+02             NaN   2.2370000e+02             NaN   2.6380000e+01
   3.1110000e+03             NaN   4.6048000e+02             NaN   2.6877000e+02             NaN   4.9110000e+01
   3.2420000e+03             NaN   2.2189000e+02             NaN   2.2392000e+02             NaN   2.6520000e+01
   2.8700000e+02             NaN  -9.9459000e+02             NaN   3.1525000e+02             NaN   8.7400000e+01
   3.3400000e+02   8.9200000e+01   8.9360000e+01   1.8820000e+02   1.8819000e+02             NaN   2.7610000e+01
   3.3600000e+02  -9.9228000e+02  -1.0061700e+03   2.9513000e+02   2.8223000e+02   5.7300000e+01   6.5320000e+01
   4.1300000e+02  -1.4184000e+02  -1.4954000e+02   2.5075000e+02   2.5069000e+02   4.2800000e+01   4.2870000e+01
   4.8600000e+02             NaN  -4.8074000e+02             NaN   2.7509000e+02             NaN   5.5760000e+01
   5.5200000e+02  -3.7656000e+02  -3.6743000e+02   2.3839000e+02   2.3831000e+02   3.9000000e+01   3.8890000e+01
   6.0100000e+02             NaN   5.9553000e+02             NaN   1.9336000e+02             NaN   2.7920000e+01
   6.0500000e+02  -5.0000000e+01  -4.6070000e+01   2.3580000e+02   2.3468000e+02   3.8400000e+01   3.5180000e+01
   7.6900000e+02   5.4000000e+00   6.1200000e+00   2.1012000e+02   2.1001000e+02   2.8800000e+01   2.8520000e+01
   1.0590000e+03  -4.5900000e+01  -4.7030000e+01   1.9266000e+02   1.9230000e+02   2.7300000e+01   2.6590000e+01
   3.0720000e+03   2.0041000e+02   1.9116000e+02             NaN   2.2590000e+02             NaN   3.1730000e+01
   3.1090000e+03             NaN   9.5697000e+02             NaN   2.2703000e+02             NaN   2.8380000e+01
   3.1100000e+03             NaN   2.2239000e+02             NaN   2.3712000e+02             NaN   3.5120000e+01
   2.9100000e+02             NaN   6.2987000e+02             NaN   1.9732000e+02             NaN   2.6210000e+01
   5.8500000e+02   9.5350000e+01   9.4500000e+01   2.3861000e+02   2.3621000e+02   4.0800000e+01   3.7660000e+01
   7.7000000e+02             NaN   7.5343000e+02             NaN   2.1480000e+02             NaN   3.1900000e+01
   8.2000000e+02             NaN  -2.9340000e+02             NaN   2.5701000e+02             NaN   4.9010000e+01
   1.5120000e+03             NaN  -6.2437000e+02             NaN   3.0834000e+02             NaN   7.6860000e+01
   2.2410000e+03             NaN  -3.9700000e+01             NaN   2.7264000e+02             NaN   5.4990000e+01
   3.0730000e+03   3.4310000e+01   2.4120000e+01   2.0456000e+02   2.0439000e+02   3.4500000e+01   3.4300000e+01
   3.1120000e+03             NaN   2.6819000e+02             NaN   2.7445000e+02             NaN   6.1900000e+01
   1.4930000e+03             NaN  -3.2249000e+02             NaN   3.1095000e+02             NaN   7.8250000e+01
   1.5090000e+03             NaN   2.5320000e+01             NaN   2.7973000e+02             NaN   6.2450000e+01
   3.1130000e+03             NaN   2.1621000e+02             NaN   2.9151000e+02             NaN   6.7630000e+01
   1.0460000e+03   3.5600000e+01   1.2010000e+01   2.3200000e+02   2.4334000e+02   4.9700000e+01   4.7480000e+01
   2.2360000e+03             NaN  -3.6347000e+02             NaN   3.3880000e+02             NaN   7.8420000e+01
   5.1300000e+02             NaN  -7.8130000e+01             NaN   3.3706000e+02             NaN   8.5900000e+01
   1.0170000e+03   6.6100000e+01   1.8670000e+01   2.8030000e+02   2.9340000e+02             NaN   9.3420000e+01
   1.0470000e+03   9.4600000e+01   3.5930000e+01   2.9680000e+02   3.0523000e+02             NaN   1.0995000e+02
   2.7000000e+01             NaN   2.4471000e+02             NaN   2.0727000e+02             NaN   2.1400000e+01
   3.8700000e+02             NaN  -2.3156000e+02             NaN   2.4660000e+02             NaN   3.6890000e+01
   3.8800000e+02  -3.9351000e+02  -3.9608000e+02   2.1368000e+02   2.0782000e+02   2.8900000e+01   2.8680000e+01
   3.9000000e+02   2.7991000e+02   2.8176000e+02   2.1060000e+02   2.1034000e+02             NaN   2.1390000e+01
   3.9100000e+02  -1.1046000e+02  -1.1103000e+02   1.9787000e+02   1.9747000e+02   2.0800000e+01   2.0810000e+01
   3.9200000e+02  -9.5810000e+01  -1.0619000e+02   3.0991000e+02   3.1071000e+02   7.5100000e+01   7.6090000e+01
   3.9300000e+02  -9.2210000e+02  -9.4633000e+02   2.6200000e+02   2.6179000e+02   5.2800000e+01   5.3260000e+01
   3.9400000e+02  -6.3890000e+02  -6.1387000e+02   2.5879000e+02   2.5890000e+02   3.9000000e+01   3.9000000e+01
   4.1500000e+02  -7.0793000e+02  -7.2251000e+02   2.8524000e+02   2.8586000e+02   5.8600000e+01   5.9120000e+01
   4.2700000e+02   1.3765000e+02   1.3402000e+02   2.3556000e+02   2.3498000e+02   3.6600000e+01   3.6100000e+01
   4.2800000e+02   3.5980000e+01   8.2900000e+00   2.2540000e+02   2.2365000e+02   3.3600000e+01   3.2750000e+01
   4.5500000e+02  -4.9162000e+02  -5.0649000e+02   3.0088000e+02   3.0163000e+02   6.4100000e+01   6.4920000e+01
   4.7600000e+02             NaN  -1.9811000e+02             NaN   2.4075000e+02             NaN   3.0540000e+01
   5.5300000e+02  -2.8870000e+02  -3.0046000e+02   3.0962000e+02   3.1038000e+02   6.9800000e+01   7.0600000e+01
   9.6700000e+02   1.1690000e+02   1.1249000e+02   2.3790000e+02   2.3732000e+02   3.7400000e+01   3.6860000e+01
   1.1210000e+03  -1.4200000e+02  -1.4476000e+02   2.3147000e+02   2.3127000e+02   3.3300000e+01   3.2950000e+01
   1.3990000e+03             NaN   4.1960000e+01             NaN   2.9438000e+02             NaN   5.3630000e+01
   1.5030000e+03             NaN  -6.7423000e+02             NaN   3.3769000e+02             NaN   8.0390000e+01
   2.0660000e+03             NaN   1.1240100e+03             NaN   1.9978000e+02             NaN   2.0890000e+01
   3.0780000e+03   4.3890000e+02   4.4542000e+02             NaN   2.0234000e+02             NaN   2.0820000e+01
   3.0990000e+03  -4.6568000e+02  -4.7635000e+02   2.6450000e+02   2.6469000e+02             NaN   4.1540000e+01
   3.1030000e+03  -2.1890000e+02  -2.2803000e+02   2.8374000e+02   2.8928000e+02   4.9500000e+01   4.9600000e+01
   3.1160000e+03             NaN   1.2991000e+02             NaN   2.2628000e+02             NaN   3.0990000e+01
   3.1370000e+03             NaN   6.4930000e+01             NaN   2.3615000e+02             NaN   3.5880000e+01
   3.1380000e+03             NaN   1.9921000e+02             NaN   2.4756000e+02             NaN   3.9160000e+01
   3.1400000e+03             NaN  -5.3930000e+01             NaN   2.3247000e+02             NaN   3.4830000e+01
   4.0400000e+02  -4.8160000e+02  -4.9356000e+02   2.8086000e+02   2.8139000e+02   4.8800000e+01   4.8090000e+01
   4.5600000e+02  -2.8330000e+02  -2.9506000e+02   2.9315000e+02   2.9350000e+02   5.2900000e+01   5.3110000e+01
   5.5700000e+02             NaN  -3.8718000e+02   2.4660000e+02   2.4661000e+02             NaN   3.1940000e+01
   5.5800000e+02             NaN   1.7125000e+02             NaN   2.3804000e+02             NaN   4.5970000e+01
   5.5900000e+02             NaN   2.3268000e+02             NaN   2.4789000e+02             NaN   4.1150000e+01
   5.8800000e+02             NaN  -7.3153000e+02             NaN   2.6639000e+02             NaN   4.5200000e+01
   5.9000000e+02   1.3180000e+02   1.3075000e+02   2.0143000e+02   2.0116000e+02   2.7600000e+01   2.6800000e+01
   5.9300000e+02             NaN   1.9228000e+02             NaN   2.0516000e+02             NaN   3.1820000e+01
   6.2900000e+02             NaN  -1.1983000e+02   2.3800000e+02   2.3832000e+02             NaN   3.6780000e+01
   6.7700000e+02   5.9622000e+02   5.9532000e+02             NaN   1.7702000e+02             NaN   2.0790000e+01
   6.7800000e+02             NaN   1.6211100e+03             NaN   1.7144000e+02             NaN   2.0790000e+01
   6.8000000e+02             NaN   2.2381000e+02             NaN   2.1433000e+02             NaN   2.7940000e+01
   1.1400000e+03             NaN  -3.6911000e+02             NaN   2.6690000e+02             NaN   4.3970000e+01
   1.4980000e+03   1.2760000e+02   1.2868000e+02   2.4780000e+02   2.5012000e+02   3.8500000e+01   4.1890000e+01
   1.5150000e+03             NaN  -4.2289000e+02             NaN   2.7894000e+02             NaN   4.9630000e+01
   1.5170000e+03             NaN  -6.2017000e+02             NaN   2.6669000e+02             NaN   4.4330000e+01
   3.0790000e+03   4.1840000e+01   4.1170000e+01   2.2470000e+02   2.2419000e+02             NaN   2.6150000e+01
   3.1210000e+03             NaN   1.4612000e+02             NaN   2.2316000e+02             NaN   2.6160000e+01
   1.1800000e+02             NaN   3.2340000e+02             NaN   2.6776000e+02             NaN   4.5810000e+01
   4.0700000e+02  -2.6400000e+02  -2.7271000e+02   2.6430000e+02   2.6450000e+02   3.8700000e+01   3.8850000e+01
   4.2500000e+02             NaN   1.3610000e+02             NaN   2.4762000e+02             NaN   4.3020000e+01
   4.4700000e+02             NaN   2.7094000e+02   2.4290000e+02   2.4762000e+02             NaN   4.3430000e+01
   4.5700000e+02  -9.5520000e+01  -1.0338000e+02   2.7018000e+02   2.7038000e+02   4.2900000e+01   4.2940000e+01
   4.7500000e+02  -4.5230000e+02  -4.5855000e+02   2.4658000e+02   2.4664000e+02   3.4600000e+01   3.4500000e+01
   4.8200000e+02             NaN  -5.7679000e+02             NaN   2.7684000e+02             NaN   5.4580000e+01
   5.5600000e+02  -3.9363000e+02  -3.8254000e+02   2.4870000e+02   2.4821000e+02   3.7400000e+01   3.6150000e+01
   8.5800000e+02             NaN   1.1508000e+02             NaN   2.3059000e+02             NaN   2.9460000e+01
   3.0670000e+03   3.9204000e+02   3.9005000e+02   1.9490000e+02   1.9510000e+02             NaN   2.6280000e+01
   3.3300000e+02  -1.1120000e+02  -1.2222000e+02   2.4886000e+02   2.4933000e+02             NaN   5.0530000e+01
   4.6200000e+02             NaN   8.7230000e+01             NaN   2.2690000e+02             NaN   2.9270000e+01
   5.5500000e+02  -1.9220000e+02  -1.9250000e+02   2.4857000e+02   2.5817000e+02   3.7200000e+01   4.5280000e+01
   6.8500000e+02             NaN   2.9893000e+02             NaN   2.8139000e+02   5.4800000e+01   5.4160000e+01
   6.9100000e+02             NaN  -6.5626000e+02             NaN   2.9869000e+02             NaN   6.7860000e+01
   7.0600000e+02             NaN  -9.3635000e+02             NaN   3.2812000e+02             NaN   8.4760000e+01
   7.2600000e+02  -7.4700000e+01  -7.5440000e+01   2.7510000e+02   2.9279000e+02   4.8900000e+01   5.2470000e+01
   8.9900000e+02             NaN  -1.2977900e+03             NaN   3.2417000e+02             NaN   8.3980000e+01
   1.1620000e+03             NaN  -1.0120700e+03             NaN   3.1281000e+02             NaN   7.8390000e+01
   1.4660000e+03  -5.7180000e+02  -5.9287000e+02   3.5115000e+02   3.4987000e+02   9.4200000e+01   9.6020000e+01
   1.5040000e+03  -6.6530000e+01  -6.3180000e+01   2.8504000e+02   2.8705000e+02   5.4900000e+01   5.8340000e+01
   1.5050000e+03  -1.2040000e+02  -1.2475000e+02   3.0242000e+02   2.9906000e+02   6.8200000e+01   6.5830000e+01
   1.5060000e+03             NaN   1.7840000e+01             NaN   2.5298000e+02             NaN   4.4010000e+01
   1.5110000e+03             NaN  -9.9960000e+01             NaN   2.7977000e+02             NaN   5.7660000e+01
   1.5140000e+03             NaN  -4.4004000e+02             NaN   2.7928000e+02             NaN   5.9650000e+01
   2.2450000e+03             NaN   1.2785000e+02             NaN   2.7348000e+02             NaN   5.6690000e+01
   2.6620000e+03             NaN  -3.8793000e+02   3.1260000e+02   3.1986000e+02   7.5700000e+01   7.9870000e+01
   3.0690000e+03             NaN   1.4108000e+02             NaN   1.9324000e+02             NaN   2.7240000e+01
   3.0850000e+03  -1.7150000e+01  -2.0660000e+01             NaN   2.4048000e+02             NaN   3.8650000e+01
   3.0890000e+03   1.2468000e+02   1.1686000e+02             NaN   2.5021000e+02             NaN   3.6510000e+01
   3.1050000e+03             NaN   1.5116000e+02             NaN   2.6771000e+02             NaN   4.6790000e+01
   3.1060000e+03             NaN  -9.2300000e+01             NaN   2.6097000e+02             NaN   4.4600000e+01
   6.7500000e+02             NaN  -3.8917000e+02             NaN   2.6591000e+02             NaN   5.0560000e+01
   6.9500000e+02  -1.3100000e+02  -1.3115000e+02   2.7900000e+02   2.7001000e+02             NaN   5.2670000e+01
   2.6720000e+03  -4.0200000e+02  -4.0943000e+02   3.2870000e+02   3.2948000e+02   8.2300000e+01   8.1430000e+01
   2.9440000e+03   2.2900000e+01   1.3440000e+01   3.0310000e+02   2.9186000e+02   6.5800000e+01   7.0050000e+01
   5.5000000e+02             NaN  -4.4085000e+02             NaN   2.8604000e+02             NaN   6.4530000e+01
   5.7500000e+02             NaN   1.9090000e+01             NaN   2.8013000e+02             NaN   6.7770000e+01
   7.0100000e+02             NaN  -2.2840000e+01             NaN   2.5788000e+02             NaN   4.8230000e+01
   1.5070000e+03             NaN  -4.0200000e+01             NaN   2.6513000e+02             NaN   5.3140000e+01
   2.6700000e+03  -2.1500000e+02  -2.2167000e+02   2.9828000e+02   2.9781000e+02   6.8800000e+01   6.8260000e+01
   7.0400000e+02  -2.9100000e+01  -3.6830000e+01   2.5650000e+02   2.5511000e+02   5.7800000e+01   5.7220000e+01
   7.0500000e+02             NaN  -2.6023000e+02             NaN   2.9872000e+02             NaN   6.7310000e+01
   1.4680000e+03             NaN  -4.7630000e+01             NaN   2.7950000e+02             NaN   7.0240000e+01
   1.5000000e+01  -3.3600000e+02  -3.6802000e+02             NaN   3.2616000e+02   7.8700000e+01   7.8470000e+01
   8.9300000e+02  -4.9539000e+02  -5.0498000e+02   2.9810000e+02   2.9815000e+02             NaN   6.9910000e+01
   1.0360000e+03             NaN   8.8900000e+01   3.3660000e+02   3.4252000e+02             NaN   8.5760000e+01
   1.0410000e+03   3.0669000e+02   3.1280000e+02   2.4233000e+02   2.3390000e+02   4.8600000e+01   4.7220000e+01
   1.1270000e+03  -1.2130000e+01  -3.5830000e+01   3.4085000e+02   3.4105000e+02   8.7200000e+01   8.6580000e+01
   1.5000000e+03             NaN   3.6623000e+02             NaN   2.9886000e+02             NaN   6.4680000e+01
   2.3530000e+03             NaN   1.1898000e+02             NaN   2.7592000e+02             NaN   5.3410000e+01
   2.5850000e+03  -1.3891000e+02  -1.6632000e+02   3.9788000e+02   4.0612000e+02   1.3050000e+02   1.2900000e+02
   2.5960000e+03  -1.3439000e+03  -1.3614400e+03   3.3820000e+02   3.4778000e+02   9.7500000e+01   9.7290000e+01
   2.9060000e+03  -5.1130000e+02  -5.4145000e+02   3.8570000e+02   3.8779000e+02   1.1550000e+02   1.1849000e+02
   2.9070000e+03  -5.1970000e+02  -5.5521000e+02   3.8030000e+02   3.8696000e+02   1.1480000e+02   1.1808000e+02
   2.9260000e+03  -6.5856000e+02  -6.8591000e+02   2.9991000e+02   3.1070000e+02   7.2300000e+01   7.1460000e+01
   3.1140000e+03   8.3190000e+02   8.3227000e+02   1.9940000e+02   1.8460000e+02             NaN   2.0870000e+01
   3.1290000e+03             NaN  -4.4386000e+02             NaN   3.0213000e+02             NaN   7.0480000e+01
   3.9900000e+02             NaN   2.2565000e+02   2.4200000e+02   2.4016000e+02             NaN   4.4880000e+01
   5.4200000e+02             NaN   1.0195000e+02   2.3170000e+02   2.2939000e+02             NaN   4.2400000e+01
   8.9200000e+02  -1.0217300e+03  -1.0385900e+03   3.3300000e+02   3.3896000e+02   8.5700000e+01   8.7650000e+01
   8.9400000e+02  -4.9080000e+02  -5.0848000e+02   2.9246000e+02   2.9201000e+02   6.0900000e+01   6.0150000e+01
   2.3540000e+03             NaN   3.6220000e+02             NaN   2.8913000e+02             NaN   6.4070000e+01
   2.4200000e+03  -3.1550000e+02  -3.6323000e+02   3.0288000e+02   3.0267000e+02   6.3800000e+01   6.3180000e+01
   2.4220000e+03  -1.3160000e+03  -1.3342700e+03   3.3660000e+02   3.6377000e+02             NaN   9.7170000e+01
   2.8170000e+03  -1.1004000e+03  -1.1291900e+03   3.3250000e+02   3.3423000e+02   8.6100000e+01   8.5900000e+01
   3.0830000e+03             NaN   5.6798000e+02             NaN   2.1560000e+02             NaN   3.4740000e+01
   3.1240000e+03             NaN  -4.9300000e+01             NaN   2.3892000e+02             NaN   4.0130000e+01
   4.0000000e+00             NaN  -9.2232000e+02             NaN   3.1680000e+02   7.7300000e+01   7.6060000e+01
   1.8000000e+01   2.6000000e+00  -6.3000000e+00   2.8787000e+02   2.8765000e+02   5.8700000e+01   5.8400000e+01
   2.2000000e+01  -3.2896000e+02  -3.5869000e+02   2.6610000e+02   2.6475000e+02   5.0700000e+01   5.0030000e+01
   4.2000000e+01             NaN   1.9198000e+02             NaN   2.7807000e+02             NaN   5.2580000e+01
   3.9800000e+02  -2.4560000e+02  -2.5413000e+02   3.2600000e+02   3.2353000e+02   7.0800000e+01   7.1270000e+01
   4.1800000e+02   3.7700000e+00  -9.8700000e+00   2.8950000e+02   2.8932000e+02   5.6600000e+01   5.6100000e+01
   4.1900000e+02  -3.2220000e+02  -3.1753000e+02   2.6881000e+02   2.7400000e+02   5.0000000e+01   4.9250000e+01
   5.7400000e+02  -2.1200000e+02  -2.1696000e+02   2.7244000e+02   2.7153000e+02   5.1700000e+01   5.0810000e+01
   6.4000000e+02  -4.7500000e+01  -5.1100000e+01   2.4753000e+02   2.4125000e+02   4.0600000e+01   4.2820000e+01
   8.6700000e+02   6.1500000e+00  -7.2400000e+00   2.8990000e+02   2.9020000e+02   5.8300000e+01   5.7860000e+01
   1.1290000e+03  -4.3600000e+02  -4.4839000e+02   3.4200000e+02   3.4520000e+02   1.3990000e+02   8.4980000e+01
   1.6700000e+03             NaN   2.4647000e+02             NaN   2.7982000e+02   5.1600000e+01   5.4530000e+01
   2.9080000e+03  -1.4940000e+02  -1.6747000e+02   3.5585000e+02   3.5859000e+02   9.4500000e+01   9.5490000e+01
   2.9250000e+03  -8.9240000e+02  -8.9531000e+02   3.2020000e+02   3.2032000e+02   8.2100000e+01   7.5190000e+01
   2.9790000e+03  -8.7010000e+02  -8.6298000e+02   3.1400000e+02   3.4799000e+02             NaN   9.5590000e+01
   2.9800000e+03  -7.4180000e+02  -7.6609000e+02   3.2674000e+02   3.2652000e+02   8.0500000e+01   7.9640000e+01
   3.1220000e+03             NaN   2.6038000e+02             NaN   2.5374000e+02             NaN   4.3850000e+01
   3.1230000e+03             NaN   2.5085000e+02             NaN   2.4774000e+02             NaN   4.3250000e+01
   9.0000000e+00  -7.3640000e+02  -7.6464000e+02   2.7978000e+02   2.9585000e+02   7.0200000e+01   6.8890000e+01
   1.3000000e+01  -1.4200000e+02  -1.6231000e+02   3.3710000e+02   3.3479000e+02   7.6600000e+01   7.8040000e+01
   9.7000000e+01  -5.2970000e+02  -5.4937000e+02   3.0720000e+02   3.0761000e+02   7.5000000e+01   7.4260000e+01
   1.1500000e+02             NaN   1.8914000e+02             NaN   2.6975000e+02             NaN   4.9920000e+01
   2.7300000e+02             NaN  -5.1026000e+02             NaN   2.8915000e+02             NaN   5.4850000e+01
   4.0600000e+02   2.8450000e+01   1.5260000e+01   2.7354000e+02   2.6343000e+02   4.5400000e+01   4.4690000e+01
   5.4700000e+02  -1.3891000e+02  -1.4819000e+02   2.5263000e+02   2.5216000e+02   4.2100000e+01   4.1260000e+01
   6.8800000e+02             NaN  -7.0354000e+02             NaN   3.0421000e+02             NaN   6.6750000e+01
   6.8900000e+02             NaN   2.1800000e+00             NaN   2.8200000e+02             NaN   5.5590000e+01
   6.9600000e+02  -6.2400000e+01  -1.0915000e+02   2.7145000e+02   2.9221000e+02   4.4800000e+01   5.4970000e+01
   1.1040000e+03  -8.8840000e+02  -9.0127000e+02             NaN   3.2117000e+02             NaN   8.3630000e+01
   1.1280000e+03             NaN  -3.0693000e+02             NaN   3.5286000e+02             NaN   9.8860000e+01
   1.4040000e+03   3.3300000e+01   3.1990000e+01   3.0050000e+02   2.9483000e+02             NaN   6.4170000e+01
   1.4090000e+03  -4.4225000e+02  -4.4632000e+02             NaN   2.8196000e+02   5.3900000e+01   5.5270000e+01
   1.4100000e+03  -2.4351000e+02  -2.4878000e+02   2.9500000e+02   2.9438000e+02   5.9600000e+01   6.0430000e+01
   1.4900000e+03   1.6350000e+02   1.7590000e+02   2.4690000e+02   2.4588000e+02             NaN   4.4160000e+01
   1.5020000e+03             NaN   1.3477000e+02             NaN   2.9768000e+02   6.4400000e+01   6.3950000e+01
   1.5080000e+03  -6.6940000e+02  -6.7985000e+02   3.1110000e+02   3.0299000e+02   6.8200000e+01   6.5350000e+01
   1.6900000e+03  -1.9500000e+02  -1.8349000e+02   3.0400000e+02   2.9885000e+02   5.7700000e+01   5.7570000e+01
   1.7050000e+03             NaN   2.4397000e+02             NaN   2.6977000e+02             NaN   4.9970000e+01
   2.2240000e+03             NaN   1.7301000e+02             NaN   2.6375000e+02             NaN   4.5890000e+01
   2.5600000e+03  -3.3970000e+02  -3.4652000e+02   3.1880000e+02   3.1880000e+02   8.0000000e+01   7.9320000e+01
   2.6690000e+03  -4.2400000e+02  -4.0818000e+02   3.1200000e+02   3.1539000e+02   7.1800000e+01   7.1390000e+01
   3.0270000e+03  -4.8116000e+02  -4.6925000e+02   3.7397000e+02   3.7963000e+02   9.9200000e+01   1.0703000e+02
   3.0840000e+03   2.9957000e+02   2.9487000e+02             NaN   2.3351000e+02             NaN   3.4840000e+01
   3.1260000e+03             NaN  -1.6431000e+02             NaN   2.5220000e+02             NaN   4.3650000e+01
   3.1270000e+03             NaN   1.3060000e+01             NaN   2.5868000e+02             NaN   4.4170000e+01
   1.7000000e+01  -1.2941000e+02  -1.4577000e+02   3.0501000e+02   3.0396000e+02   6.8100000e+01   6.6750000e+01
   2.1000000e+01  -4.9700000e+02  -5.1320000e+02   2.8240000e+02   2.8154000e+02   5.9700000e+01   5.8120000e+01
   5.0000000e+01  -1.2979000e+02  -1.4572000e+02   3.0828000e+02   3.0157000e+02   6.9000000e+01   6.3620000e+01
   5.4000000e+01  -4.4770000e+02  -4.5436000e+02   2.8819000e+02   2.8729000e+02   5.9400000e+01   5.6120000e+01
   9.8000000e+01  -3.1380000e+02  -3.2194000e+02   3.0063000e+02   2.9302000e+02   6.4500000e+01   6.2640000e+01
   2.7100000e+02  -1.7100000e+02  -1.6998000e+02   2.6384000e+02   2.6206000e+02   4.6500000e+01   4.6870000e+01
   5.3100000e+02  -5.2630000e+01  -5.7220000e+01   2.4299000e+02   2.4240000e+02   3.9500000e+01   3.8540000e+01
   5.7300000e+02  -3.0870000e+02  -3.0976000e+02             NaN   2.9481000e+02             NaN   6.2430000e+01
   6.9400000e+02  -3.5240000e+02  -3.6447000e+02   2.8520000e+02   2.8487000e+02   5.7600000e+01   5.7050000e+01
   1.1100000e+03             NaN  -4.4599000e+02             NaN   3.1853000e+02             NaN   8.0280000e+01
   1.3940000e+03             NaN   6.6880000e+01             NaN   2.7235000e+02             NaN   4.9560000e+01
   1.4910000e+03             NaN   2.2697000e+02   2.6940000e+02   2.7694000e+02             NaN   6.3100000e+01
   2.4210000e+03  -6.4280000e+02  -6.5414000e+02   2.9220000e+02   3.0922000e+02             NaN   7.0510000e+01
   2.9430000e+03   8.2000000e+01   7.0130000e+01   2.5530000e+02   2.5489000e+02   4.5300000e+01   4.4320000e+01
   1.5700000e+02  -2.6200000e+02  -2.6832000e+02   3.2100000e+02   3.0562000e+02   6.7600000e+01   6.8180000e+01
   4.0500000e+02  -1.1230000e+02  -1.2067000e+02   2.7580000e+02   2.7503000e+02   5.4500000e+01   5.2500000e+01
   5.1800000e+02             NaN   3.7820000e+01             NaN   2.6191000e+02             NaN   4.9560000e+01
   5.2900000e+02   1.2343000e+02   1.2326000e+02   2.5062000e+02   2.4965000e+02   4.3400000e+01   4.1840000e+01
   5.4600000e+02  -2.6440000e+02  -2.7985000e+02   2.6440000e+02   2.6388000e+02   5.1300000e+01   4.8860000e+01
   5.7200000e+02  -3.9210000e+02  -3.9960000e+02   3.3000000e+02   3.0864000e+02   7.8200000e+01   7.5330000e+01
   7.1700000e+02  -1.0210000e+02  -1.0821000e+02   3.1680000e+02   3.1839000e+02   7.0900000e+01   7.3020000e+01
   7.1800000e+02             NaN  -9.9530000e+01             NaN   3.1882000e+02             NaN   7.8580000e+01
   7.3800000e+02  -1.8400000e+02  -1.8793000e+02   2.8100000e+02   2.9082000e+02   5.0800000e+01   6.3140000e+01
   1.3930000e+03             NaN   7.7070000e+01             NaN   2.6018000e+02             NaN   4.8860000e+01
   2.3520000e+03             NaN  -1.3731000e+02             NaN   3.1222000e+02             NaN   7.6990000e+01
   2.5230000e+03             NaN  -4.1622000e+02   3.4120000e+02   3.5167000e+02   9.5900000e+01   1.0055000e+02
   3.0860000e+03             NaN  -1.8361000e+02             NaN   2.6194000e+02             NaN   4.9690000e+01
   3.0870000e+03  -1.5480000e+01  -1.9330000e+01             NaN   2.9598000e+02             NaN   5.6200000e+01
   3.0900000e+03   1.2092000e+02   1.1664000e+02             NaN   2.5662000e+02             NaN   4.6360000e+01
   3.1280000e+03             NaN   9.1180000e+01             NaN   2.8338000e+02             NaN   5.6360000e+01
   5.8000000e+01  -9.7000000e+00  -2.4970000e+01             NaN   3.1692000e+02   8.5500000e+01   8.3190000e+01
   5.0100000e+02  -2.4200000e+01  -3.6380000e+01   3.3529000e+02   3.2869000e+02   8.5800000e+01   8.5860000e+01
   5.0600000e+02  -3.7240000e+01  -4.6960000e+01   2.8585000e+02   2.8389000e+02   6.5700000e+01   6.3850000e+01
   5.0700000e+02  -3.7321000e+02  -3.8230000e+02   3.1060000e+02   3.2056000e+02             NaN   9.0050000e+01
   5.0800000e+02  -1.5046000e+02  -1.5959000e+02   3.0627000e+02   3.0724000e+02   8.1000000e+01   7.9610000e+01
   5.1600000e+02  -8.3820000e+01  -8.9360000e+01   2.2912000e+02   2.2770000e+02   4.4300000e+01   4.2240000e+01
   5.1700000e+02  -4.6300000e+01  -5.6230000e+01   2.9610000e+02   2.8486000e+02   6.4700000e+01   6.2780000e+01
   5.1900000e+02  -2.3495000e+02  -2.4208000e+02   2.8064000e+02   2.7037000e+02   5.6800000e+01   5.6780000e+01
   5.2800000e+02  -3.9220000e+02  -3.8865000e+02   3.0489000e+02   3.0236000e+02   7.4400000e+01   7.2600000e+01
   9.1300000e+02             NaN   8.2940000e+01             NaN   2.8605000e+02             NaN   6.7870000e+01
   1.0060000e+03  -1.8410000e+02  -1.9017000e+02   2.6670000e+02   2.6469000e+02   5.7500000e+01   5.4410000e+01
   1.2500000e+03  -4.8430000e+02  -4.8606000e+02             NaN   3.6641000e+02             NaN   1.0501000e+02
   2.4600000e+03  -4.4830000e+02  -4.8718000e+02   3.6130000e+02   3.6493000e+02   1.0430000e+02   1.0964000e+02
   2.6600000e+03  -1.9700000e+02  -2.0210000e+02   3.2600000e+02   3.2189000e+02   7.7300000e+01   7.8620000e+01
   1.4800000e+02  -2.0670000e+02  -2.0571000e+02   3.2000000e+02   3.0052000e+02   7.7400000e+01   7.5480000e+01
   4.9700000e+02  -1.8450000e+01  -2.1840000e+01   2.7296000e+02   2.7174000e+02   6.2400000e+01   5.8360000e+01
   4.9900000e+02             NaN  -5.8590000e+01             NaN   2.9290000e+02             NaN   6.9840000e+01
   5.2200000e+02  -4.7150000e+01  -5.5970000e+01   2.8480000e+02   2.7200000e+02   6.4300000e+01   5.9790000e+01
   2.2200000e+03             NaN  -6.1830000e+01             NaN   2.9326000e+02             NaN   7.1510000e+01
   2.2230000e+03             NaN  -4.1270000e+01             NaN   2.9069000e+02             NaN   6.8190000e+01
   2.2460000e+03             NaN  -2.6385000e+02             NaN   3.3420000e+02             NaN   8.6000000e+01
   2.4580000e+03  -2.9260000e+02  -2.9431000e+02   3.3241000e+02   3.3493000e+02   8.8300000e+01   9.5290000e+01
   1.1790000e+03  -1.7300000e+01  -2.2190000e+01   3.2183000e+02   2.9546000e+02   8.2900000e+01   7.8690000e+01
   2.4370000e+03  -9.4700000e+01  -1.0035000e+02   2.9953000e+02   3.0256000e+02   8.3800000e+01   8.2330000e+01
   4.2600000e+02   3.8000000e+02   3.7575000e+02             NaN   2.4874000e+02   5.6300000e+01   5.4240000e+01
   1.9900000e+02             NaN   1.3105000e+02             NaN   2.7405000e+02             NaN   5.4330000e+01
   2.0800000e+02             NaN  -1.5780000e+02             NaN   2.8413000e+02             NaN   6.2020000e+01
   2.5970000e+03  -1.3680000e+03  -1.4263600e+03   3.7730000e+02   3.8029000e+02             NaN   1.1701000e+02
   3.1180000e+03             NaN   5.5402000e+02             NaN   2.5167000e+02             NaN   4.3520000e+01
   1.6000000e+01             NaN  -2.2916000e+02             NaN   3.4613000e+02             NaN   9.2560000e+01
   7.4000000e+01  -1.5520000e+01  -2.0330000e+01   2.7073000e+02   2.6979000e+02   5.2300000e+01   5.0420000e+01
   2.0700000e+02  -6.1420000e+02  -6.3931000e+02             NaN   3.1759000e+02   8.3200000e+01   8.1220000e+01
   2.2100000e+02   1.5900000e+02   1.7424000e+02   2.8789000e+02   2.9026000e+02   6.2400000e+01   6.1440000e+01
   2.2700000e+02             NaN   1.7220000e+01             NaN   2.7880000e+02             NaN   5.7400000e+01
   6.3900000e+02   8.2020000e+01   7.6700000e+01             NaN   2.7042000e+02   5.1900000e+01   5.1410000e+01
   1.4110000e+03             NaN  -1.3430000e+01             NaN   3.0635000e+02             NaN   7.1140000e+01
   1.7040000e+03             NaN   1.4379000e+02             NaN   2.8136000e+02   5.9800000e+01   5.8150000e+01
   2.2330000e+03             NaN  -6.4410000e+01             NaN   2.8279000e+02             NaN   5.9880000e+01
   3.1190000e+03             NaN   3.4928000e+02             NaN   2.5961000e+02             NaN   5.3740000e+01
   2.3000000e+01             NaN  -3.8745000e+02             NaN   3.0569000e+02             NaN   7.2840000e+01
   1.9400000e+02  -2.8290000e+02  -2.8850000e+02   2.8614000e+02   2.8464000e+02   6.3000000e+01   6.0670000e+01
   2.4600000e+02             NaN  -1.8733000e+02             NaN   2.8934000e+02             NaN   6.3430000e+01
   4.4000000e+02  -6.0000000e+00   1.4810000e+01             NaN   2.7136000e+02   5.6000000e+01   5.6730000e+01
   4.4100000e+02   2.7698000e+02   2.7946000e+02             NaN   2.4264000e+02   4.4500000e+01   4.3010000e+01
   5.2600000e+02  -5.0690000e+02  -5.1880000e+02   2.6000000e+02   2.9671000e+02   7.3300000e+01   6.9020000e+01
   6.0800000e+02   1.3290000e+02   1.2648000e+02             NaN   2.7252000e+02             NaN   5.5790000e+01
   7.9200000e+02  -8.1800000e+01  -6.9700000e+01   2.9700000e+02   2.7809000e+02   6.3000000e+01   5.7380000e+01
   8.0000000e+02   1.8493000e+02   1.8208000e+02   2.4839000e+02   2.4694000e+02   5.2400000e+01   5.1360000e+01
   9.1200000e+02  -2.6200000e+02  -2.6637000e+02   3.0500000e+02   3.0382000e+02   6.5500000e+01   7.0140000e+01
   1.1220000e+03             NaN  -8.0689000e+02             NaN   3.5904000e+02             NaN   1.0027000e+02
   1.2120000e+03   4.2200000e+01   5.1450000e+01   2.9328000e+02   2.8734000e+02   6.4500000e+01   6.6030000e+01
   1.4010000e+03  -2.8760000e+01  -3.9860000e+01   3.4010000e+02   3.2945000e+02             NaN   7.7890000e+01
   1.4080000e+03             NaN   1.0830000e+02             NaN   2.8662000e+02             NaN   6.5470000e+01
   1.4130000e+03             NaN   5.2940000e+01             NaN   3.1385000e+02             NaN   6.8570000e+01
   1.6690000e+03             NaN   2.1995000e+02             NaN   3.1819000e+02             NaN   8.1040000e+01
   3.6000000e+01  -1.8290000e+02  -2.0365000e+02   3.8290000e+02   3.6251000e+02   1.0420000e+02   9.7600000e+01
   1.5900000e+02  -2.1000000e+01  -2.8700000e+01   2.9640000e+02   2.9407000e+02   7.0100000e+01   6.7710000e+01
   2.2300000e+02             NaN  -1.8075000e+02             NaN   2.8788000e+02             NaN   6.2680000e+01
   2.2400000e+02             NaN  -1.7835000e+02             NaN   2.8544000e+02             NaN   6.3680000e+01
   2.2500000e+02             NaN  -1.9752000e+02   2.9579000e+02   2.8325000e+02   6.8100000e+01   6.4140000e+01
   2.2600000e+02             NaN  -1.6606000e+02   2.9995000e+02   2.8647000e+02   6.2000000e+01   6.0990000e+01
   2.3300000e+02  -9.8300000e+01  -9.7120000e+01   3.3133000e+02   3.1318000e+02   7.6300000e+01   7.8090000e+01
   5.2500000e+02             NaN  -3.7760000e+01             NaN   3.1403000e+02             NaN   7.6210000e+01
   8.7000000e+02             NaN  -2.0880000e+01   2.9970000e+02   2.9952000e+02   5.9400000e+01   6.6390000e+01
   1.1050000e+03             NaN  -1.2208000e+02             NaN   3.1139000e+02             NaN   7.2590000e+01
   1.1060000e+03  -1.0780000e+02  -1.1941000e+02             NaN   3.1009000e+02             NaN   7.2160000e+01
   1.1180000e+03             NaN   2.2866000e+02             NaN   2.8746000e+02             NaN   6.8790000e+01
   2.3550000e+03  -1.3020000e+02  -1.3507000e+02   3.0108000e+02   3.1432000e+02   7.2700000e+01   8.0530000e+01
   2.6680000e+03  -4.4900000e+02  -4.2265000e+02   3.7300000e+02   3.5584000e+02   9.0500000e+01   9.1620000e+01
   3.1200000e+03             NaN   1.6467000e+02             NaN   2.6317000e+02             NaN   5.3080000e+01
   5.1000000e+01             NaN  -5.0053000e+02             NaN   3.1454000e+02             NaN   7.9460000e+01
   5.2000000e+01  -1.6280000e+02  -1.8330000e+02   3.5480000e+02   3.3405000e+02   9.0200000e+01   8.7140000e+01
   6.2000000e+01  -4.6590000e+02  -4.7773000e+02   2.8490000e+02   2.8879000e+02   7.4000000e+01   7.3940000e+01
   6.3000000e+01             NaN  -2.3137000e+02             NaN   3.0656000e+02             NaN   7.8670000e+01
   6.7000000e+01  -1.5920000e+02  -1.6810000e+02   3.6760000e+02   3.4043000e+02   9.1600000e+01   8.3830000e+01
   7.2000000e+01  -2.9800000e+02  -3.0525000e+02             NaN   2.9265000e+02             NaN   6.3940000e+01
   5.0000000e+02  -5.7010000e+02  -5.7979000e+02   3.2160000e+02   3.4178000e+02   9.1500000e+01   9.2870000e+01
   5.3300000e+02  -3.8830000e+02  -3.9986000e+02   3.2820000e+02   3.1636000e+02   8.1100000e+01   7.7630000e+01
   6.8100000e+02  -4.1190000e+02  -4.1784000e+02   3.1980000e+02   3.2660000e+02   7.6700000e+01   8.1550000e+01
   6.9900000e+02  -9.4700000e+01  -1.0070000e+02   2.8690000e+02   2.7955000e+02             NaN   6.1860000e+01
   7.4700000e+02  -7.5060000e+01  -8.6600000e+01   2.6526000e+02   2.8018000e+02   5.1900000e+01   5.4130000e+01
   7.8800000e+02  -1.8490000e+02  -1.9426000e+02   3.0650000e+02   2.9261000e+02   7.2100000e+01   6.6480000e+01
   7.9100000e+02  -4.7113000e+02  -4.6107000e+02   2.9490000e+02   3.1657000e+02   8.1000000e+01   8.0090000e+01
   7.9300000e+02   2.0230000e+01   1.4400000e+01   2.6700000e+02   2.6443000e+02   5.6400000e+01   5.4250000e+01
   8.5700000e+02             NaN  -2.8101000e+02             NaN   3.2249000e+02             NaN   8.8970000e+01
   1.1030000e+03   1.0000000e+01   1.6960000e+01   3.2330000e+02   3.2274000e+02             NaN   8.0810000e+01
   1.1070000e+03  -1.7670000e+02  -1.8751000e+02   3.2545000e+02   3.2824000e+02   9.7400000e+01   9.2270000e+01
   1.2110000e+03  -1.2450000e+02  -1.2838000e+02   3.0760000e+02   2.9506000e+02   6.7600000e+01   6.9500000e+01
   1.2770000e+03   6.0600000e+01   5.2330000e+01   2.8514000e+02   2.8590000e+02   6.0200000e+01   6.1250000e+01
   1.3960000e+03             NaN  -1.0935000e+02             NaN   2.7719000e+02             NaN   6.3830000e+01
   1.4030000e+03  -1.0800000e+02  -1.1329000e+02   3.0800000e+02   2.8544000e+02   6.8800000e+01   6.6310000e+01
   1.6820000e+03             NaN   1.6994000e+02             NaN   2.8331000e+02             NaN   6.4610000e+01
   1.7280000e+03   5.3300000e+01   4.8120000e+01   2.3738000e+02   2.3691000e+02   4.7200000e+01   4.6170000e+01
   2.3600000e+03  -3.6600000e+02  -3.6360000e+02   3.4300000e+02   3.2672000e+02   7.9700000e+01   8.5580000e+01
   2.5190000e+03  -2.4530000e+02  -2.4459000e+02   3.2150000e+02   3.0962000e+02   7.7000000e+01   7.7080000e+01
   2.6920000e+03  -3.7656000e+02  -3.6438000e+02             NaN   3.8649000e+02   1.0840000e+02   1.2059000e+02
   2.8610000e+03  -3.1840000e+02  -3.2045000e+02   4.0270000e+02   3.6468000e+02   1.0390000e+02   1.0234000e+02
   2.8840000e+03  -9.3700000e+01  -1.0070000e+02   2.8690000e+02   2.7955000e+02   6.4200000e+01   6.1860000e+01
   1.0800000e+02  -1.3320000e+02  -1.4397000e+02   3.1550000e+02   3.0723000e+02   7.6300000e+01   7.3040000e+01
   1.1400000e+02  -2.8380000e+02  -3.0244000e+02   3.0432000e+02   2.9480000e+02   7.3800000e+01   6.8790000e+01
   1.5800000e+02  -1.4477000e+02  -1.5719000e+02   3.0594000e+02   3.0305000e+02   7.8900000e+01   7.5750000e+01
   1.6400000e+02  -2.9350000e+02  -3.2294000e+02   2.9292000e+02   2.9306000e+02   7.5000000e+01   7.2200000e+01
   1.9100000e+02  -1.3900000e+02  -1.4537000e+02   3.4430000e+02   3.4288000e+02   9.4800000e+01   9.5980000e+01
   2.8000000e+02  -4.6590000e+02  -4.3397000e+02             NaN   3.3397000e+02             NaN   9.7810000e+01
   2.9000000e+02   5.8200000e+01   5.0940000e+01   3.1200000e+02   2.9400000e+02   7.9000000e+01   7.2140000e+01
   4.4200000e+02   7.7370000e+01   6.9300000e+01   2.8470000e+02   2.7906000e+02   8.0400000e+01   6.6710000e+01
   7.3700000e+02             NaN   2.9440000e+01             NaN   2.9439000e+02             NaN   7.2040000e+01
   9.8600000e+02  -2.8230000e+02  -2.9055000e+02   3.6330000e+02   3.3691000e+02             NaN   8.8140000e+01
   9.9600000e+02             NaN  -2.5242000e+02             NaN   3.3663000e+02             NaN   8.6180000e+01
   1.1000000e+03             NaN  -3.0193000e+02             NaN   3.3787000e+02             NaN   9.1940000e+01
   1.1860000e+03  -1.2550000e+02  -1.3067000e+02   3.5050000e+02   3.5572000e+02   9.3900000e+01   9.2630000e+01
   2.8580000e+03  -4.4710000e+02  -4.5939000e+02   4.0840000e+02   3.5477000e+02   1.0570000e+02   1.0491000e+02
   2.8630000e+03  -2.9710000e+02  -3.0951000e+02   3.6500000e+02   3.2962000e+02             NaN   9.0940000e+01
   3.5000000e+01  -5.7790000e+02  -5.9810000e+02             NaN   3.3571000e+02   1.0700000e+02   1.0323000e+02
   7.6000000e+01  -4.0800000e+02  -4.1141000e+02   3.5750000e+02   3.3091000e+02   9.2400000e+01   9.2260000e+01
   1.2900000e+02  -2.5460000e+02  -2.6415000e+02   3.2260000e+02   3.0307000e+02   7.7100000e+01   7.7230000e+01
   1.9600000e+02  -7.5900000e+01  -8.7820000e+01   3.2430000e+02   3.1302000e+02   8.7700000e+01   8.5810000e+01
   1.9700000e+02  -2.7210000e+02  -2.8217000e+02   3.1750000e+02   2.9841000e+02   8.1300000e+01   7.9800000e+01
   4.9600000e+02  -3.4820000e+02  -3.6016000e+02   3.3570000e+02   3.2363000e+02   8.3300000e+01   8.7350000e+01
   5.3000000e+02  -2.1640000e+02  -2.2667000e+02   3.0881000e+02   3.0246000e+02   8.4000000e+01   7.5120000e+01
   7.9000000e+02  -1.0468000e+02  -1.1246000e+02   2.7020000e+02   2.6852000e+02   6.5400000e+01   6.1990000e+01
   9.9800000e+02  -3.7060000e+02  -3.7099000e+02   3.5800000e+02   3.3310000e+02   9.1500000e+01   9.0440000e+01
   8.3000000e+01  -2.3900000e+02  -2.4940000e+02   3.6500000e+02   3.2471000e+02   1.0050000e+02   9.7510000e+01
   4.1700000e+02  -3.5279000e+02  -3.6690000e+02   3.6900000e+02   3.7092000e+02   1.2560000e+02   1.2348000e+02
   5.3500000e+02  -4.5200000e+01  -5.2940000e+01             NaN   3.0348000e+02             NaN   7.8890000e+01
   7.9500000e+02  -7.0500000e+01  -7.8990000e+01   3.2420000e+02   3.0388000e+02   8.7100000e+01   8.0510000e+01
   2.2120000e+03             NaN  -6.9500000e+01             NaN   3.1790000e+02             NaN   9.0870000e+01
   2.3700000e+03  -2.2100000e+02  -2.2766000e+02   3.6700000e+02   3.3374000e+02   9.8700000e+01   9.5340000e+01
   2.8570000e+03  -3.8730000e+01  -4.3640000e+01   3.7250000e+02   3.3438000e+02   1.0640000e+02   9.8290000e+01
   1.0380000e+03   3.4020000e+02   3.4304000e+02             NaN   3.1493000e+02   7.3400000e+01   7.6250000e+01
   1.0390000e+03             NaN   3.3954000e+02             NaN   3.1458000e+02             NaN   7.7170000e+01
   1.4120000e+03  -3.9830000e+02  -4.0755000e+02   3.1700000e+02   3.0942000e+02   1.0290000e+02   7.7320000e+01
   1.7260000e+03   4.5000000e+02   4.5847000e+02   2.4990000e+02   2.4097000e+02   6.5400000e+01   6.2610000e+01
   7.9000000e+01             NaN  -9.2110000e+01             NaN   3.0304000e+02             NaN   7.2840000e+01
   9.3000000e+01   3.0460000e+02   2.8633000e+02   2.7962000e+02   2.7689000e+02   6.4900000e+01   6.2630000e+01
   4.9300000e+02  -1.9020000e+02  -1.9682000e+02   3.0750000e+02   3.0416000e+02   8.0200000e+01   7.7610000e+01
   4.9400000e+02             NaN  -1.8896000e+02             NaN   3.1362000e+02             NaN   8.1860000e+01
   4.9500000e+02             NaN  -1.7469000e+02             NaN   3.1492000e+02             NaN   7.9980000e+01
   6.9300000e+02             NaN   3.8291000e+02             NaN   2.6934000e+02             NaN   5.8500000e+01
   8.0200000e+02   2.7840000e+02   2.7493000e+02             NaN   2.8656000e+02   7.2500000e+01   6.4740000e+01
   8.0500000e+02   1.9570000e+02   1.8268000e+02   2.8150000e+02   2.8015000e+02   5.7200000e+01   6.3320000e+01
   8.6300000e+02   1.1544000e+02   1.0480000e+02   2.7840000e+02   2.7784000e+02   6.4500000e+01   6.3070000e+01
   1.3980000e+03             NaN  -2.6727000e+02             NaN   2.9519000e+02             NaN   6.9920000e+01
   1.6680000e+03             NaN   4.2583000e+02             NaN   2.6427000e+02             NaN   5.4890000e+01
   1.6720000e+03             NaN   1.8564000e+02             NaN   3.1142000e+02             NaN   9.3960000e+01
   1.7030000e+03   1.9610000e+02   2.0101000e+02             NaN   2.8570000e+02   7.8900000e+01   6.3380000e+01
   2.8960000e+03  -5.2410000e+02  -5.3362000e+02   3.3500000e+02   3.2858000e+02   1.0680000e+02   8.5350000e+01
   3.0920000e+03             NaN   7.3330000e+01             NaN   3.0995000e+02             NaN   7.7890000e+01
   1.7900000e+02             NaN   1.4766000e+02             NaN   3.0498000e+02   8.2900000e+01   7.7220000e+01
   1.8200000e+02             NaN  -7.1720000e+01             NaN   3.0616000e+02             NaN   7.5940000e+01
   2.6100000e+02             NaN   4.3870000e+01             NaN   3.0706000e+02             NaN   7.6590000e+01
   2.6200000e+02             NaN  -6.2940000e+01             NaN   3.0404000e+02             NaN   7.5830000e+01
   2.6800000e+02             NaN  -6.6240000e+01             NaN   3.0389000e+02             NaN   7.5490000e+01
   4.4400000e+02             NaN  -7.4270000e+01             NaN   3.3871000e+02             NaN   1.0683000e+02
   8.0600000e+02   1.0830000e+02   1.0098000e+02   2.7050000e+02   2.6975000e+02   6.3200000e+01   6.1720000e+01
   1.4880000e+03   1.8280000e+02   1.8307000e+02             NaN   2.9228000e+02             NaN   6.9220000e+01
   2.2520000e+03             NaN   1.4675000e+02             NaN   3.1304000e+02             NaN   8.8470000e+01
   2.8970000e+03  -3.6220000e+02  -3.7748000e+02   3.2030000e+02   3.2630000e+02   1.1190000e+02   8.9080000e+01
   3.0430000e+03   1.4157000e+02   1.4465000e+02   3.0661000e+02   3.0667000e+02   7.8400000e+01   7.5830000e+01
   3.0440000e+03   1.3400000e+02   1.4465000e+02   3.0929000e+02   3.0667000e+02   7.5500000e+01   7.5830000e+01
   4.3000000e+01   1.6230000e+02   1.5679000e+02   2.9300000e+02   2.8979000e+02   7.1300000e+01   6.9960000e+01
   4.4000000e+01   1.0924000e+02   1.0582000e+02   2.7889000e+02   2.7621000e+02   7.1200000e+01   6.5740000e+01
   9.6000000e+01   1.6520000e+02   1.6136000e+02   2.9023000e+02   2.8876000e+02   7.3000000e+01   7.0790000e+01
   1.2200000e+02             NaN   1.1861000e+02             NaN   3.1062000e+02             NaN   7.8380000e+01
   1.3400000e+02  -7.2250000e+01  -8.4110000e+01   2.8140000e+02   2.9108000e+02   6.7200000e+01   6.5200000e+01
   1.4200000e+02  -6.3000000e+01  -7.1550000e+01   2.8484000e+02   2.8884000e+02   6.7200000e+01   6.4860000e+01
   1.4300000e+02   8.7030000e+01   7.2710000e+01   2.9710000e+02   3.0109000e+02             NaN   7.2820000e+01
   1.8600000e+02  -1.1300000e+02  -9.8430000e+01   3.3200000e+02   3.1374000e+02   7.2600000e+01   8.0970000e+01
   2.1600000e+02             NaN  -1.7340000e+01             NaN   3.0101000e+02             NaN   7.9530000e+01
   4.3200000e+02   1.5648000e+02   1.5415000e+02   2.6206000e+02   2.6167000e+02   5.6100000e+01   5.5470000e+01
   5.1400000e+02  -1.4000000e+01  -1.8520000e+01   3.3400000e+02   3.0891000e+02   7.8200000e+01   8.1410000e+01
   6.7100000e+02  -3.6800000e+02  -3.6745000e+02   3.5000000e+02   3.3107000e+02             NaN   9.4300000e+01
   6.8200000e+02  -3.3300000e+02  -3.1095000e+02   3.6600000e+02   3.3469000e+02   9.0800000e+01   9.2500000e+01
   8.7700000e+02  -3.5450000e+02  -3.3992000e+02   3.5100000e+02   3.4312000e+02   1.0020000e+02   9.4270000e+01
   9.1100000e+02  -3.1490000e+02  -3.2206000e+02   3.2800000e+02   3.4304000e+02   9.0800000e+01   9.4650000e+01
   1.1770000e+03             NaN  -5.6290000e+02             NaN   3.3293000e+02             NaN   9.2600000e+01
   1.1780000e+03             NaN  -5.6388000e+02             NaN   3.3120000e+02             NaN   9.2930000e+01
   1.2350000e+03             NaN  -3.3586000e+02             NaN   3.5080000e+02             NaN   9.8450000e+01
   1.6760000e+03             NaN  -3.3377000e+02             NaN   3.1424000e+02   7.9800000e+01   8.4480000e+01
   1.7000000e+03             NaN   8.8920000e+01             NaN   3.0767000e+02             NaN   8.0870000e+01
   2.3960000e+03  -6.4400000e+01  -6.6470000e+01   3.7100000e+02   3.5646000e+02   1.0570000e+02   9.9580000e+01
   2.3970000e+03  -7.9000000e+01  -8.5830000e+01   3.5300000e+02   3.6112000e+02             NaN   1.0113000e+02
   2.4000000e+03  -6.6200000e+01  -6.7930000e+01   3.8300000e+02   3.6372000e+02   1.0020000e+02   9.8020000e+01
   1.7100000e+02             NaN   1.1018000e+02             NaN   3.1562000e+02             NaN   8.6760000e+01
   1.8400000e+02   2.4100000e+01   2.3900000e+01   3.1353000e+02   3.1381000e+02   9.0900000e+01   8.5520000e+01
   9.6000000e+02             NaN  -4.9832000e+02             NaN   3.7189000e+02             NaN   1.1414000e+02
   1.1320000e+03  -1.9800000e+02  -2.0848000e+02   3.0120000e+02   3.0989000e+02   8.0000000e+01   8.2700000e+01
   1.6870000e+03             NaN   1.0692000e+02             NaN   2.9282000e+02             NaN   6.9210000e+01
   5.7000000e+01  -1.1540000e+02  -1.2393000e+02   3.2200000e+02   3.1092000e+02   8.7000000e+01   8.2000000e+01
   7.1000000e+01  -3.4230000e+02  -3.4957000e+02   3.0308000e+02   3.0358000e+02   8.1200000e+01   8.1840000e+01
   7.3000000e+01  -1.0000000e+01   7.1100000e+00   3.3350000e+02   3.4001000e+02             NaN   1.0119000e+02
   7.8000000e+01  -1.7900000e+02  -1.9556000e+02   3.8900000e+02   3.7213000e+02   1.1130000e+02   1.0427000e+02
   8.0000000e+01  -3.1580000e+02  -2.9922000e+02   3.0012000e+02   3.0789000e+02   8.4000000e+01   8.4210000e+01
   9.4000000e+01  -5.0000000e-01  -7.1500000e+00   3.0740000e+02   2.9675000e+02   7.7400000e+01   7.4190000e+01
   1.5300000e+02  -2.3900000e+02  -2.4728000e+02   3.3940000e+02   3.4031000e+02   9.4800000e+01   9.0680000e+01
   1.8500000e+02  -4.8410000e+02  -4.8711000e+02   3.4120000e+02   3.4545000e+02   9.5900000e+01   1.0262000e+02
   2.4400000e+02             NaN   1.7230000e+01             NaN   3.1480000e+02             NaN   8.4820000e+01
   3.6300000e+02  -4.7580000e+02  -4.8375000e+02   3.6010000e+02   3.4890000e+02   1.0700000e+02   1.0043000e+02
   4.2100000e+02  -7.4000000e+00  -1.3610000e+01   3.0120000e+02   3.0171000e+02   7.1900000e+01   7.6100000e+01
   6.2200000e+02  -2.1580000e+02  -2.2151000e+02   3.3120000e+02   3.2259000e+02   9.1100000e+01   8.9210000e+01
   6.9000000e+02   2.5000000e+01   1.6930000e+01   2.8574000e+02   2.8276000e+02   7.3900000e+01   6.8960000e+01
   1.1010000e+03  -3.3760000e+01  -4.4770000e+01   3.1000000e+02   3.0633000e+02   8.2600000e+01   7.8860000e+01
   1.3970000e+03  -1.4500000e+02  -1.5412000e+02             NaN   3.0090000e+02   8.6100000e+01   8.0060000e+01
   1.4690000e+03             NaN  -1.6949000e+02             NaN   3.2218000e+02             NaN   9.2640000e+01
   1.7300000e+03  -1.1000000e+01  -1.8630000e+01   2.9650000e+02   2.9788000e+02   7.9400000e+01   7.6590000e+01
   2.5200000e+03  -1.3080000e+02  -1.4533000e+02   3.0070000e+02   3.0827000e+02   8.9700000e+01   8.6640000e+01
   9.9000000e+01  -1.6150000e+02  -1.7497000e+02   3.4374000e+02   3.3352000e+02   9.8300000e+01   9.5870000e+01
   1.0400000e+02  -1.5463000e+02  -1.6696000e+02   3.5520000e+02   3.3925000e+02   1.0060000e+02   9.3320000e+01
   7.0900000e+02  -1.4370000e+02  -1.5486000e+02             NaN   3.0573000e+02   1.0760000e+02   8.6030000e+01
   9.8700000e+02             NaN  -3.2522000e+02             NaN   3.6348000e+02             NaN   1.1155000e+02
   9.9500000e+02  -3.0130000e+02  -2.8924000e+02             NaN   3.6876000e+02             NaN   1.0691000e+02
   1.2080000e+03  -1.7510000e+02  -1.8170000e+02   3.6225000e+02   3.6296000e+02   1.1850000e+02   1.2103000e+02
   1.2220000e+03  -2.2500000e+02  -2.3735000e+02   3.5100000e+02   3.5756000e+02   1.0190000e+02   1.0808000e+02
   1.4840000e+03             NaN  -3.6669000e+02   3.0463000e+02   3.1957000e+02   1.0100000e+02   9.7410000e+01
   5.6000000e+01  -3.4600000e+02  -3.5636000e+02   3.8500000e+02   3.6512000e+02   1.1390000e+02   1.0877000e+02
   7.7000000e+01  -4.2670000e+02  -4.3831000e+02   3.8100000e+02   3.5831000e+02   1.1530000e+02   1.1270000e+02
   9.1000000e+01  -8.7800000e+01  -1.0087000e+02   3.7520000e+02   3.5088000e+02   1.1000000e+02   1.0359000e+02
   9.2000000e+01  -2.7510000e+02  -2.8678000e+02   3.6180000e+02   3.3520000e+02   9.9600000e+01   9.7490000e+01
   1.7500000e+02  -2.8320000e+02  -2.9465000e+02   3.4800000e+02   3.2854000e+02   1.0290000e+02   9.9900000e+01
   1.7800000e+02  -1.0930000e+02  -1.2260000e+02   3.3790000e+02   3.3678000e+02   1.1290000e+02   1.1052000e+02
   4.7100000e+02  -8.3560000e+01  -9.6220000e+01   3.6810000e+02   3.5588000e+02   1.0810000e+02   1.0452000e+02
   1.0050000e+03  -2.3820000e+02  -2.4868000e+02   3.5200000e+02   3.3509000e+02   1.0420000e+02   9.5520000e+01
   1.1930000e+03             NaN  -4.6481000e+02             NaN   3.5713000e+02             NaN   1.1924000e+02
   1.1940000e+03  -4.7700000e+02  -4.7175000e+02             NaN   3.5486000e+02             NaN   1.1915000e+02
   1.2040000e+03             NaN  -3.0493000e+02             NaN   3.2946000e+02             NaN   1.0037000e+02
   1.2400000e+03  -2.5210000e+02  -2.6301000e+02   3.4230000e+02   3.3463000e+02   1.0880000e+02   9.5830000e+01
   2.6790000e+03  -8.9600000e+01  -1.0333000e+02   3.5900000e+02   3.4927000e+02   1.1140000e+02   1.0752000e+02
   7.1000000e+02  -9.2000000e+01  -1.0175000e+02   3.6300000e+02   3.3588000e+02   1.0970000e+02   1.0076000e+02
   2.2130000e+03             NaN  -1.0153000e+02             NaN   3.4153000e+02             NaN   1.1548000e+02
   2.2190000e+03             NaN  -9.8410000e+01             NaN   3.5992000e+02             NaN   1.1180000e+02
   2.0400000e+02             NaN   2.4781000e+02             NaN   3.2362000e+02             NaN   8.7700000e+01
   2.5300000e+02             NaN   2.4261000e+02             NaN   3.2342000e+02             NaN   8.7970000e+01
   1.1510000e+03             NaN  -3.0220000e+02             NaN   3.2256000e+02             NaN   9.0580000e+01
   7.5000000e+01             NaN   4.0954000e+02             NaN   3.0270000e+02             NaN   8.0270000e+01
   1.3700000e+02             NaN   4.9440000e+01             NaN   2.9489000e+02             NaN   7.2720000e+01
   2.2800000e+02             NaN  -5.8470000e+01             NaN   3.0554000e+02             NaN   7.9540000e+01
   2.5400000e+02             NaN   9.9550000e+01             NaN   3.1711000e+02             NaN   8.3140000e+01
   2.5600000e+02             NaN  -1.7000000e+02             NaN   3.0921000e+02             NaN   8.1510000e+01
   2.5700000e+02             NaN   5.3740000e+01             NaN   3.2035000e+02             NaN   8.5120000e+01
   2.5900000e+02             NaN   2.2588000e+02             NaN   3.3377000e+02             NaN   9.3410000e+01
   1.1430000e+03             NaN  -8.6880000e+01             NaN   3.0494000e+02             NaN   7.8940000e+01
   1.1470000e+03             NaN   1.0270000e+02             NaN   3.1731000e+02             NaN   8.3360000e+01
   1.1500000e+03             NaN   9.3360000e+01             NaN   3.1702000e+02             NaN   8.3410000e+01
   1.4830000e+03             NaN  -2.0148000e+02             NaN   3.2009000e+02             NaN   8.6500000e+01
   2.6810000e+03  -4.4719000e+02  -4.5816000e+02   3.7970000e+02   3.4483000e+02   9.8200000e+01   1.0232000e+02
   3.4000000e+01             NaN   2.8505000e+02             NaN   3.1446000e+02             NaN   8.5040000e+01
   6.5000000e+01   1.3080000e+02   1.2589000e+02   2.7415000e+02   2.7310000e+02   6.7100000e+01   6.5170000e+01
   1.8100000e+02  -6.6300000e+01  -8.6380000e+01   3.0899000e+02   3.0687000e+02   8.1400000e+01   8.0760000e+01
   1.8900000e+02   8.4350000e+01   7.0940000e+01   3.2060000e+02   3.2147000e+02   8.7000000e+01   8.8370000e+01
   2.4200000e+02  -6.7200000e+01  -7.5350000e+01   3.1034000e+02   3.0714000e+02   8.1800000e+01   8.0850000e+01
   2.4500000e+02   8.3430000e+01   7.0790000e+01   3.2129000e+02   3.1975000e+02   8.7600000e+01   8.8450000e+01
   2.5800000e+02             NaN  -1.7960000e+01             NaN   3.0053000e+02             NaN   7.6670000e+01
   4.8100000e+02             NaN  -3.1012000e+02             NaN   3.2832000e+02             NaN   9.6580000e+01
   8.0400000e+02             NaN   7.3275000e+02             NaN   2.8866000e+02             NaN   7.0150000e+01
   1.4810000e+03             NaN  -1.0147000e+02             NaN   3.0596000e+02             NaN   7.8600000e+01
   1.4820000e+03             NaN  -1.0147000e+02             NaN   3.0596000e+02             NaN   7.8600000e+01
   2.3700000e+02             NaN   1.0168000e+02             NaN   3.3781000e+02             NaN   9.9810000e+01
   1.1490000e+03   1.0310000e+02   9.4820000e+01   3.0750000e+02   3.1355000e+02   8.2500000e+01   8.4050000e+01
   1.4700000e+03  -3.1614000e+02  -2.9000000e+02   4.1350000e+02   3.9627000e+02   1.1740000e+02   1.2377000e+02
   1.7200000e+02   7.5730000e+01   6.8820000e+01   3.1564000e+02   3.1059000e+02   9.4300000e+01   8.8200000e+01
   2.1000000e+02             NaN   2.1213000e+02             NaN   3.1042000e+02             NaN   9.1350000e+01
   2.1200000e+02             NaN  -1.2706000e+02             NaN   3.0478000e+02             NaN   8.3300000e+01
   4.3800000e+02  -1.9410000e+02  -2.0404000e+02   3.1560000e+02   3.1330000e+02   8.7100000e+01   8.6440000e+01
   4.3900000e+02   3.2300000e+01   2.5820000e+01   2.9127000e+02   2.9063000e+02   7.2700000e+01   7.1290000e+01
   6.9800000e+02  -3.6000000e+02  -3.4792000e+02   4.0100000e+02   3.6705000e+02   1.0790000e+02   1.1583000e+02
   8.6800000e+02   7.5830000e+01   7.0760000e+01   3.1560000e+02   3.1565000e+02   9.0900000e+01   8.8220000e+01
   8.6900000e+02   8.2780000e+01   7.6310000e+01   3.2280000e+02   3.1763000e+02   8.8700000e+01   8.7630000e+01
   1.1970000e+03  -3.8700000e+02  -3.7410000e+02   3.6250000e+02   3.7815000e+02   1.0570000e+02   1.1750000e+02
   1.2390000e+03             NaN  -1.2780000e+02             NaN   3.3401000e+02             NaN   9.6290000e+01
   1.7330000e+03   1.2908000e+02   1.2160000e+02   3.2151000e+02   3.2141000e+02   9.2400000e+01   9.2990000e+01
   1.7340000e+03   1.3307000e+02   1.2715000e+02   3.2910000e+02   3.2539000e+02   9.7000000e+01   9.1550000e+01
   1.7350000e+03   1.4069000e+02   1.3413000e+02   3.3480000e+02   3.2190000e+02   9.2300000e+01   8.9960000e+01
   1.7360000e+03   1.2070000e+02   1.2115000e+02             NaN   3.4334000e+02   9.0300000e+01   9.2250000e+01
   1.7370000e+03   1.3640000e+02   1.3300000e+02   3.1999000e+02   3.1752000e+02   9.9300000e+01   9.3530000e+01
   1.7380000e+03             NaN   7.0760000e+01             NaN   3.1565000e+02             NaN   8.8220000e+01
   2.6780000e+03  -1.8000000e+02  -1.5779000e+02   3.6000000e+02   3.4319000e+02   9.5900000e+01   1.0420000e+02
   4.1000000e+01             NaN   6.5840000e+01             NaN   3.0770000e+02             NaN   8.7440000e+01
   1.4860000e+03             NaN   7.2070000e+01             NaN   3.4055000e+02             NaN   1.1157000e+02
   2.8000000e+01  -8.2000000e+00  -1.9350000e+01   3.0779000e+02   3.0971000e+02   9.8700000e+01   9.3090000e+01
   1.2700000e+02  -2.1620000e+01  -2.9670000e+01   3.4620000e+02   3.2534000e+02   1.0060000e+02   9.4360000e+01
   1.9500000e+02  -2.5920000e+02  -2.6971000e+02   3.7860000e+02   3.7988000e+02   1.1270000e+02   1.1098000e+02
   2.3500000e+02  -2.7600000e+01  -3.6890000e+01   3.3390000e+02   3.2506000e+02   1.0960000e+02   9.7290000e+01
   2.4800000e+02  -2.5790000e+02  -2.7143000e+02   3.7000000e+02   3.7056000e+02   1.2150000e+02   1.1086000e+02
   1.1750000e+03  -6.3600000e+01  -7.7050000e+01   3.2308000e+02   3.2296000e+02   9.9900000e+01   9.8090000e+01
   1.7390000e+03   7.0000000e-01  -8.7500000e+00   3.0980000e+02   3.1474000e+02   9.4700000e+01   9.2090000e+01
   1.7400000e+03  -3.2000000e+00  -1.4140000e+01   3.1685000e+02   3.1407000e+02   9.7300000e+01   9.2270000e+01
   1.7410000e+03   3.2000000e+00  -7.0400000e+00             NaN   3.1403000e+02             NaN   8.9250000e+01
   1.7440000e+03  -4.1800000e+01  -5.0600000e+01   3.3860000e+02   3.3185000e+02   9.6700000e+01   9.9820000e+01
   2.8280000e+03  -1.1300000e+02  -1.3354000e+02   4.0500000e+02   3.7767000e+02   1.3370000e+02   1.2689000e+02
   1.7450000e+03             NaN   6.8413000e+02             NaN   2.9952000e+02   9.5600000e+01   9.2060000e+01
   2.9610000e+03  -6.9000000e+00  -2.0150000e+01   3.6272000e+02   3.7844000e+02   1.2060000e+02   1.1960000e+02
   2.0000000e+02             NaN   2.7901000e+02             NaN   3.2695000e+02             NaN   9.2960000e+01
   2.1400000e+02             NaN  -9.1160000e+01             NaN   3.2902000e+02             NaN   9.7660000e+01
   2.4900000e+02             NaN   2.7554000e+02             NaN   3.2714000e+02   9.1200000e+01   9.2780000e+01
   1.9630000e+03             NaN   7.0146000e+02             NaN   2.9330000e+02             NaN   7.2270000e+01
   2.8870000e+03  -1.2290000e+02  -1.2392000e+02   3.2050000e+02   3.3185000e+02   9.9400000e+01   9.6940000e+01
   2.6700000e+02             NaN   2.0420000e+01             NaN   3.3240000e+02             NaN   9.5750000e+01
   1.4000000e+03  -1.2810000e+02  -1.3522000e+02   3.4500000e+02   3.4220000e+02   1.0980000e+02   1.0720000e+02
   3.0500000e+02   8.2880000e+01   7.3690000e+01   2.6930000e+02   2.6790000e+02   7.4300000e+01   7.1490000e+01
   3.0600000e+02   1.1150000e+02   9.9010000e+01   3.3690000e+02   3.3396000e+02   9.6500000e+01   9.7940000e+01
   5.6000000e+02             NaN   2.0764000e+02             NaN   2.9797000e+02             NaN   7.9670000e+01
   1.0630000e+03             NaN   4.1337000e+02             NaN   3.3465000e+02             NaN   9.9950000e+01
   2.3810000e+03  -2.7200000e+02  -2.8309000e+02   3.4500000e+02   3.3620000e+02   1.1180000e+02   1.1073000e+02
   2.6240000e+03  -2.6940000e+02  -2.7294000e+02   3.5110000e+02   3.3724000e+02   1.1540000e+02   1.1171000e+02
   2.2090000e+03             NaN   2.4243000e+02             NaN   3.3090000e+02             NaN   1.0460000e+02
   2.3800000e+02             NaN  -1.4762000e+02             NaN   3.3935000e+02             NaN   1.0334000e+02
   1.1810000e+03   1.0475000e+02   9.7570000e+01   2.8570000e+02   3.0527000e+02   8.6700000e+01   8.3580000e+01
   1.4060000e+03   1.0620000e+02   9.8100000e+01   3.0340000e+02   3.0250000e+02   8.7100000e+01   8.3800000e+01
   1.6710000e+03   1.7200000e+02   1.5910000e+02             NaN   3.3228000e+02   1.0570000e+02   9.9650000e+01
   1.6950000e+03   1.7300000e+02   1.5910000e+02             NaN   3.3228000e+02             NaN   9.9650000e+01
   1.7470000e+03   1.7800000e+02   1.6567000e+02             NaN   3.3297000e+02   1.0570000e+02   9.9090000e+01
   1.6930000e+03             NaN   3.7330000e+01             NaN   3.4785000e+02             NaN   1.1150000e+02
   1.6940000e+03   4.3180000e+01   3.4450000e+01   3.5140000e+02   3.4391000e+02             NaN   1.1072000e+02
   1.7500000e+03   1.3540000e+01  -4.2600000e+00   3.2900000e+02   3.1865000e+02   9.1300000e+01   9.4640000e+01
   1.7530000e+03   5.6060000e+01   4.8860000e+01   3.5470000e+02   3.4800000e+02             NaN   1.0823000e+02
   1.7570000e+03   4.3300000e+01   3.6480000e+01   3.5600000e+02   3.4945000e+02   1.1490000e+02   1.1070000e+02
   1.7720000e+03   1.1690000e+02   1.1164000e+02   3.6418000e+02   3.4908000e+02   1.2130000e+02   1.1415000e+02
   6.3000000e+02             NaN   3.0122000e+02             NaN   3.3000000e+02             NaN   9.8250000e+01
   3.0300000e+02  -3.6800000e+01  -4.6680000e+01   3.3590000e+02   3.3276000e+02   1.0320000e+02   9.9580000e+01
